               EARTH ORIENTATION PARAMETER (EOP) PRODUCT CENTER CENTER (PARIS OBSERVATORY)
                      INTERNATIONAL EARTH ROTATION AND REFERENCE SYSTEMS SERVICE
                                    EOP (IERS) 14 C04 TIME SERIES                 
               Description: https://hpiers.obspm.fr/eoppc/eop/eopc04/C04.guide.pdf
                            contact: christian.bizouard@obspm.fr

  
             FORMAT(3(I4),I7,2(F11.6),2(F12.7),2(F11.6),2(F11.6),2(F11.7),2(F12.6))
##################################################################################
  
      Date      MJD      x          y        UT1-UTC       LOD         dPsi      dEps       x Err     y Err   UT1-UTC Err  LOD Err    dPsi Err   dEpsilon Err
                         "          "           s           s            "         "        "          "          s           s            "         "
     (0h UTC)

2020   1   1  58849   0.076609   0.282358  -0.1771222   0.0004455  -0.108702  -0.006534   0.000057   0.000039  0.0000123  0.0000126    0.000191    0.000109
2020   1   2  58850   0.074635   0.282666  -0.1775806   0.0004667  -0.108679  -0.006596   0.000057   0.000039  0.0000115  0.0000127    0.000171    0.000098
2020   1   3  58851   0.072663   0.283156  -0.1781029   0.0004803  -0.108559  -0.006619   0.000057   0.000040  0.0000115  0.0000127    0.000173    0.000097
2020   1   4  58852   0.071338   0.284013  -0.1786507   0.0004801  -0.108639  -0.006518   0.000057   0.000040  0.0000115  0.0000128    0.000176    0.000095
2020   1   5  58853   0.070121   0.284887  -0.1791377   0.0004064  -0.108871  -0.006262   0.000056   0.000039  0.0000112  0.0000124    0.000178    0.000093
2020   1   6  58854   0.068393   0.285277  -0.1794674   0.0002265  -0.109217  -0.005943   0.000056   0.000039  0.0000111  0.0000124    0.000181    0.000090
2020   1   7  58855   0.066587   0.285482  -0.1796058   0.0000717  -0.109617  -0.005720   0.000056   0.000039  0.0000110  0.0000125    0.000181    0.000088
2020   1   8  58856   0.064905   0.285932  -0.1795597  -0.0000717  -0.110004  -0.005729   0.000056   0.000039  0.0000109  0.0000125    0.000184    0.000087
2020   1   9  58857   0.063591   0.286537  -0.1793746  -0.0002132  -0.109985  -0.006015   0.000056   0.000039  0.0000108  0.0000126    0.000186    0.000084
2020   1  10  58858   0.062631   0.287462  -0.1791201  -0.0002979  -0.109744  -0.006423   0.000056   0.000039  0.0000101  0.0000126    0.000168    0.000073
2020   1  11  58859   0.061854   0.288667  -0.1788961  -0.0002007  -0.109407  -0.006683   0.000055   0.000039  0.0000099  0.0000127    0.000168    0.000071
2020   1  12  58860   0.061134   0.289907  -0.1788057  -0.0000038  -0.108860  -0.006663   0.000055   0.000039  0.0000092  0.0000123    0.000158    0.000067
2020   1  13  58861   0.060864   0.291018  -0.1789353   0.0002968  -0.108248  -0.006438   0.000054   0.000039  0.0000091  0.0000123    0.000158    0.000065
2020   1  14  58862   0.060557   0.292386  -0.1793255   0.0005750  -0.107853  -0.006222   0.000054   0.000039  0.0000089  0.0000124    0.000158    0.000063
2020   1  15  58863   0.059588   0.293794  -0.1799543   0.0007465  -0.107732  -0.006198   0.000054   0.000039  0.0000087  0.0000124    0.000158    0.000061
2020   1  16  58864   0.058520   0.295343  -0.1807846   0.0008774  -0.107832  -0.006307   0.000054   0.000039  0.0000086  0.0000124    0.000158    0.000059
2020   1  17  58865   0.057430   0.296819  -0.1817437   0.0010052  -0.108029  -0.006425   0.000054   0.000039  0.0000085  0.0000124    0.000158    0.000058
2020   1  18  58866   0.056515   0.297636  -0.1827608   0.0010297  -0.108356  -0.006451   0.000053   0.000039  0.0000081  0.0000125    0.000156    0.000054
2020   1  19  58867   0.055634   0.298582  -0.1837339   0.0009318  -0.108739  -0.006434   0.000053   0.000038  0.0000080  0.0000122    0.000151    0.000051
2020   1  20  58868   0.054617   0.299454  -0.1845425   0.0007783  -0.109063  -0.006416   0.000052   0.000038  0.0000078  0.0000122    0.000151    0.000049
2020   1  21  58869   0.053801   0.300237  -0.1852307   0.0005888  -0.109183  -0.006390   0.000052   0.000038  0.0000077  0.0000122    0.000151    0.000048
2020   1  22  58870   0.053304   0.301090  -0.1857979   0.0004516  -0.109022  -0.006369   0.000052   0.000038  0.0000075  0.0000122    0.000151    0.000046
2020   1  23  58871   0.052618   0.302469  -0.1861858   0.0003157  -0.108610  -0.006412   0.000052   0.000038  0.0000074  0.0000123    0.000151    0.000044
2020   1  24  58872   0.051965   0.303572  -0.1864849   0.0002606  -0.108236  -0.006517   0.000052   0.000038  0.0000072  0.0000123    0.000148    0.000042
2020   1  25  58873   0.051957   0.304776  -0.1867979   0.0003582  -0.108083  -0.006636   0.000052   0.000038  0.0000072  0.0000124    0.000148    0.000041
2020   1  26  58874   0.051500   0.306324  -0.1871882   0.0004438  -0.108083  -0.006697   0.000053   0.000038  0.0000072  0.0000124    0.000151    0.000041
2020   1  27  58875   0.050488   0.307421  -0.1876943   0.0005593  -0.108140  -0.006700   0.000052   0.000038  0.0000073  0.0000121    0.000151    0.000041
2020   1  28  58876   0.049407   0.308653  -0.1883290   0.0006623  -0.108240  -0.006719   0.000052   0.000038  0.0000073  0.0000121    0.000151    0.000040
2020   1  29  58877   0.048378   0.310139  -0.1890559   0.0007174  -0.108360  -0.006809   0.000052   0.000038  0.0000073  0.0000122    0.000153    0.000040
2020   1  30  58878   0.047078   0.311687  -0.1898028   0.0007392  -0.108397  -0.006930   0.000052   0.000038  0.0000072  0.0000122    0.000143    0.000037
2020   1  31  58879   0.045724   0.312939  -0.1905245   0.0006980  -0.108267  -0.006999   0.000053   0.000038  0.0000071  0.0000123    0.000143    0.000037
2020   2   1  58880   0.044494   0.314392  -0.1911699   0.0005988  -0.108032  -0.006957   0.000053   0.000038  0.0000072  0.0000123    0.000146    0.000038
2020   2   2  58881   0.043505   0.316036  -0.1917194   0.0004836  -0.107921  -0.006844   0.000053   0.000037  0.0000070  0.0000120    0.000153    0.000040
2020   2   3  58882   0.042727   0.317663  -0.1921721   0.0003794  -0.107997  -0.006709   0.000053   0.000038  0.0000071  0.0000121    0.000146    0.000040
2020   2   4  58883   0.042236   0.319419  -0.1925141   0.0002354  -0.108130  -0.006576   0.000053   0.000038  0.0000071  0.0000121    0.000148    0.000041
2020   2   5  58884   0.042192   0.321224  -0.1927412   0.0001382  -0.108297  -0.006539   0.000053   0.000038  0.0000073  0.0000121    0.000151    0.000043
2020   2   6  58885   0.041387   0.322939  -0.1928644   0.0000870  -0.108560  -0.006702   0.000054   0.000038  0.0000075  0.0000122    0.000153    0.000045
2020   2   7  58886   0.040107   0.323988  -0.1929351   0.0000853  -0.108871  -0.007112   0.000054   0.000038  0.0000078  0.0000123    0.000158    0.000048
2020   2   8  58887   0.038702   0.324883  -0.1930242   0.0001418  -0.108929  -0.007590   0.000055   0.000039  0.0000081  0.0000123    0.000163    0.000050
2020   2   9  58888   0.037913   0.325300  -0.1932662   0.0003533  -0.108419  -0.007806   0.000055   0.000039  0.0000084  0.0000124    0.000166    0.000053
2020   2  10  58889   0.037635   0.326014  -0.1937899   0.0006718  -0.107580  -0.007636   0.000055   0.000038  0.0000081  0.0000121    0.000153    0.000052
2020   2  11  58890   0.037317   0.327316  -0.1945859   0.0008996  -0.107021  -0.007318   0.000055   0.000038  0.0000083  0.0000121    0.000156    0.000055
2020   2  12  58891   0.037414   0.328670  -0.1955386   0.0009962  -0.107049  -0.007105   0.000056   0.000039  0.0000085  0.0000122    0.000158    0.000057
2020   2  13  58892   0.037440   0.330236  -0.1965300   0.0009626  -0.107501  -0.007102   0.000056   0.000039  0.0000087  0.0000123    0.000161    0.000058
2020   2  14  58893   0.036532   0.331984  -0.1974312   0.0007962  -0.107991  -0.007171   0.000056   0.000039  0.0000089  0.0000123    0.000163    0.000060
2020   2  15  58894   0.034910   0.333280  -0.1981377   0.0005980  -0.108326  -0.007238   0.000056   0.000039  0.0000092  0.0000124    0.000168    0.000062
2020   2  16  58895   0.033056   0.334012  -0.1986185   0.0004101  -0.108525  -0.007298   0.000056   0.000039  0.0000094  0.0000121    0.000171    0.000062
2020   2  17  58896   0.031510   0.334883  -0.1989191   0.0002210  -0.108687  -0.007366   0.000056   0.000039  0.0000096  0.0000121    0.000173    0.000063
2020   2  18  58897   0.030655   0.336009  -0.1990725   0.0000639  -0.108816  -0.007423   0.000057   0.000039  0.0000098  0.0000122    0.000176    0.000063
2020   2  19  58898   0.030313   0.337617  -0.1991016   0.0000235  -0.108510  -0.007443   0.000057   0.000039  0.0000101  0.0000122    0.000181    0.000066
2020   2  20  58899   0.029598   0.339041  -0.1991206   0.0000386  -0.107926  -0.007498   0.000057   0.000039  0.0000103  0.0000123    0.000176    0.000067
2020   2  21  58900   0.028482   0.340031  -0.1992279   0.0001792  -0.107263  -0.007614   0.000057   0.000039  0.0000104  0.0000124    0.000176    0.000070
2020   2  22  58901   0.027450   0.340780  -0.1995108   0.0004273  -0.107138  -0.007712   0.000057   0.000039  0.0000106  0.0000124    0.000178    0.000073
2020   2  23  58902   0.026983   0.341571  -0.1999703   0.0005556  -0.107374  -0.007686   0.000057   0.000039  0.0000110  0.0000122    0.000181    0.000076
2020   2  24  58903   0.027040   0.342668  -0.2005609   0.0006445  -0.107753  -0.007546   0.000057   0.000039  0.0000112  0.0000122    0.000186    0.000079
2020   2  25  58904   0.027405   0.344602  -0.2012484   0.0006880  -0.108179  -0.007427   0.000057   0.000039  0.0000115  0.0000123    0.000189    0.000082
2020   2  26  58905   0.027969   0.346651  -0.2019948   0.0007245  -0.108306  -0.007485   0.000057   0.000039  0.0000117  0.0000123    0.000191    0.000085
2020   2  27  58906   0.028570   0.348892  -0.2027642   0.0007973  -0.108229  -0.007653   0.000057   0.000039  0.0000119  0.0000124    0.000194    0.000087
2020   2  28  58907   0.028790   0.351114  -0.2035270   0.0008132  -0.107987  -0.007808   0.000057   0.000039  0.0000119  0.0000125    0.000196    0.000094
2020   2  29  58908   0.028282   0.353263  -0.2042647   0.0007321  -0.107688  -0.007898   0.000057   0.000039  0.0000120  0.0000125    0.000199    0.000096
2020   3   1  58909   0.027663   0.355257  -0.2049580   0.0006589  -0.107555  -0.007998   0.000057   0.000039  0.0000095  0.0000126    0.000173    0.000087
2020   3   2  58910   0.027052   0.357171  -0.2055930   0.0005935  -0.107618  -0.008141   0.000056   0.000039  0.0000095  0.0000123    0.000176    0.000088
2020   3   3  58911   0.026374   0.359002  -0.2061635   0.0005165  -0.107667  -0.008239   0.000056   0.000039  0.0000094  0.0000124    0.000178    0.000089
2020   3   4  58912   0.026040   0.360668  -0.2066763   0.0004635  -0.107675  -0.008191   0.000056   0.000039  0.0000093  0.0000124    0.000178    0.000088
2020   3   5  58913   0.026271   0.362020  -0.2071658   0.0005028  -0.107792  -0.008157   0.000056   0.000039  0.0000092  0.0000125    0.000181    0.000087
2020   3   6  58914   0.026971   0.363910  -0.2076964   0.0006226  -0.108125  -0.008377   0.000056   0.000039  0.0000089  0.0000126    0.000176    0.000083
2020   3   7  58915   0.027743   0.365695  -0.2083559   0.0008000  -0.108350  -0.008872   0.000056   0.000039  0.0000087  0.0000123    0.000178    0.000081
2020   3   8  58916   0.028156   0.367442  -0.2092279   0.0009841  -0.107965  -0.009254   0.000056   0.000038  0.0000081  0.0000124    0.000166    0.000075
2020   3   9  58917   0.028068   0.369116  -0.2103544   0.0012166  -0.107107  -0.009201   0.000055   0.000038  0.0000077  0.0000124    0.000168    0.000073
2020   3  10  58918   0.028186   0.370679  -0.2117167   0.0014868  -0.106499  -0.008856   0.000055   0.000039  0.0000075  0.0000125    0.000168    0.000071
2020   3  11  58919   0.028655   0.372325  -0.2132290   0.0015777  -0.106433  -0.008568   0.000055   0.000039  0.0000073  0.0000126    0.000168    0.000068
2020   3  12  58920   0.029168   0.373782  -0.2147503   0.0014394  -0.106813  -0.008530   0.000055   0.000039  0.0000071  0.0000126    0.000168    0.000065
2020   3  13  58921   0.030390   0.375474  -0.2161386   0.0012287  -0.107160  -0.008597   0.000054   0.000039  0.0000069  0.0000127    0.000168    0.000063
2020   3  14  58922   0.031837   0.377519  -0.2172921   0.0009841  -0.107352  -0.008624   0.000054   0.000039  0.0000067  0.0000128    0.000161    0.000057
2020   3  15  58923   0.033166   0.379483  -0.2181787   0.0007350  -0.107339  -0.008667   0.000053   0.000038  0.0000062  0.0000125    0.000148    0.000053
2020   3  16  58924   0.034196   0.380925  -0.2188244   0.0005614  -0.107299  -0.008785   0.000053   0.000038  0.0000060  0.0000125    0.000148    0.000050
2020   3  17  58925   0.034810   0.382174  -0.2192893   0.0004298  -0.107403  -0.008896   0.000052   0.000038  0.0000057  0.0000126    0.000146    0.000048
2020   3  18  58926   0.035518   0.383028  -0.2196482   0.0003245  -0.107525  -0.009057   0.000052   0.000038  0.0000056  0.0000126    0.000143    0.000045
2020   3  19  58927   0.036746   0.383993  -0.2199551   0.0002934  -0.107478  -0.009188   0.000052   0.000038  0.0000054  0.0000127    0.000143    0.000043
2020   3  20  58928   0.038706   0.385063  -0.2202542   0.0003209  -0.107167  -0.009328   0.000051   0.000038  0.0000053  0.0000127    0.000143    0.000041
2020   3  21  58929   0.040911   0.386045  -0.2205675   0.0003708  -0.106746  -0.009328   0.000051   0.000038  0.0000052  0.0000128    0.000143    0.000040
2020   3  22  58930   0.042767   0.387279  -0.2209353   0.0004059  -0.106488  -0.009174   0.000051   0.000038  0.0000051  0.0000125    0.000143    0.000038
2020   3  23  58931   0.043796   0.388552  -0.2213969   0.0004873  -0.106488  -0.008903   0.000050   0.000038  0.0000049  0.0000126    0.000143    0.000037
2020   3  24  58932   0.044596   0.389940  -0.2219350   0.0005568  -0.106628  -0.008656   0.000050   0.000038  0.0000048  0.0000126    0.000141    0.000035
2020   3  25  58933   0.044822   0.391441  -0.2224998   0.0005687  -0.106814  -0.008589   0.000050   0.000038  0.0000048  0.0000127    0.000141    0.000036
2020   3  26  58934   0.044435   0.393108  -0.2230571   0.0005525  -0.106872  -0.008706   0.000050   0.000038  0.0000049  0.0000127    0.000143    0.000037
2020   3  27  58935   0.043828   0.394126  -0.2235761   0.0004775  -0.106797  -0.008875   0.000050   0.000038  0.0000049  0.0000128    0.000146    0.000038
2020   3  28  58936   0.044672   0.395067  -0.2240329   0.0004229  -0.106602  -0.009048   0.000051   0.000038  0.0000049  0.0000129    0.000143    0.000038
2020   3  29  58937   0.045829   0.396454  -0.2244108   0.0003321  -0.106510  -0.009240   0.000051   0.000037  0.0000050  0.0000125    0.000146    0.000038
2020   3  30  58938   0.047045   0.398009  -0.2247096   0.0002516  -0.106577  -0.009482   0.000051   0.000037  0.0000051  0.0000125    0.000146    0.000039
2020   3  31  58939   0.048812   0.399638  -0.2249477   0.0002144  -0.106605  -0.009694   0.000051   0.000037  0.0000050  0.0000126    0.000141    0.000039
2020   4   1  58940   0.050857   0.401270  -0.2251625   0.0002453  -0.106503  -0.009774   0.000051   0.000037  0.0000051  0.0000126    0.000143    0.000040
2020   4   2  58941   0.052653   0.403240  -0.2254211   0.0003060  -0.106337  -0.009751   0.000052   0.000037  0.0000053  0.0000127    0.000148    0.000042
2020   4   3  58942   0.054027   0.405231  -0.2258088   0.0004711  -0.106318  -0.009843   0.000052   0.000037  0.0000054  0.0000127    0.000151    0.000043
2020   4   4  58943   0.054964   0.406848  -0.2264201   0.0007577  -0.106309  -0.010097   0.000052   0.000037  0.0000056  0.0000128    0.000153    0.000044
2020   4   5  58944   0.055428   0.407980  -0.2273265   0.0010730  -0.106014  -0.010329   0.000052   0.000037  0.0000057  0.0000125    0.000151    0.000044
2020   4   6  58945   0.055966   0.408880  -0.2285432   0.0013584  -0.105467  -0.010260   0.000053   0.000037  0.0000057  0.0000125    0.000151    0.000044
2020   4   7  58946   0.056183   0.409449  -0.2300159   0.0015401  -0.105152  -0.009931   0.000053   0.000037  0.0000058  0.0000125    0.000151    0.000045
2020   4   8  58947   0.056906   0.409913  -0.2316246   0.0016364  -0.105495  -0.009729   0.000053   0.000037  0.0000059  0.0000126    0.000153    0.000046
2020   4   9  58948   0.057714   0.411016  -0.2332083   0.0015201  -0.106188  -0.009772   0.000053   0.000037  0.0000060  0.0000126    0.000156    0.000046
2020   4  10  58949   0.058140   0.412006  -0.2346158   0.0012941  -0.106661  -0.009853   0.000053   0.000036  0.0000060  0.0000127    0.000156    0.000046
2020   4  11  58950   0.058541   0.412979  -0.2357568   0.0009873  -0.106688  -0.009859   0.000053   0.000036  0.0000060  0.0000127    0.000148    0.000044
2020   4  12  58951   0.059089   0.413985  -0.2366150   0.0007077  -0.106395  -0.009893   0.000052   0.000036  0.0000060  0.0000125    0.000148    0.000044
2020   4  13  58952   0.059763   0.415408  -0.2372105   0.0004790  -0.106074  -0.010065   0.000052   0.000036  0.0000060  0.0000125    0.000151    0.000043
2020   4  14  58953   0.060958   0.416729  -0.2375994   0.0003122  -0.105997  -0.010276   0.000052   0.000036  0.0000060  0.0000125    0.000151    0.000043
2020   4  15  58954   0.062096   0.418082  -0.2378589   0.0001702  -0.106194  -0.010334   0.000052   0.000036  0.0000059  0.0000126    0.000153    0.000043
2020   4  16  58955   0.062913   0.419660  -0.2380460   0.0001722  -0.106147  -0.010314   0.000053   0.000036  0.0000060  0.0000126    0.000156    0.000044
2020   4  17  58956   0.063849   0.421394  -0.2382560   0.0002674  -0.105721  -0.010262   0.000053   0.000036  0.0000061  0.0000127    0.000156    0.000045
2020   4  18  58957   0.064558   0.422987  -0.2385852   0.0004043  -0.105310  -0.010101   0.000053   0.000036  0.0000062  0.0000127    0.000153    0.000045
2020   4  19  58958   0.064398   0.424255  -0.2390202   0.0004905  -0.105089  -0.009875   0.000053   0.000036  0.0000062  0.0000125    0.000151    0.000046
2020   4  20  58959   0.063813   0.425119  -0.2395002   0.0004897  -0.105192  -0.009577   0.000053   0.000036  0.0000063  0.0000126    0.000153    0.000047
2020   4  21  58960   0.063199   0.425896  -0.2399975   0.0004841  -0.105537  -0.009289   0.000053   0.000036  0.0000065  0.0000126    0.000156    0.000049
2020   4  22  58961   0.063315   0.426486  -0.2405026   0.0004852  -0.105676  -0.009319   0.000053   0.000036  0.0000065  0.0000127    0.000153    0.000049
2020   4  23  58962   0.064241   0.427347  -0.2409715   0.0004599  -0.105598  -0.009615   0.000053   0.000036  0.0000067  0.0000127    0.000156    0.000050
2020   4  24  58963   0.065516   0.428239  -0.2413900   0.0003616  -0.105555  -0.009920   0.000054   0.000036  0.0000068  0.0000128    0.000156    0.000051
2020   4  25  58964   0.067108   0.429319  -0.2416852   0.0002295  -0.105536  -0.010153   0.000054   0.000036  0.0000069  0.0000128    0.000158    0.000052
2020   4  26  58965   0.068444   0.430783  -0.2418475   0.0001213  -0.105590  -0.010313   0.000054   0.000036  0.0000070  0.0000125    0.000161    0.000053
2020   4  27  58966   0.069374   0.431979  -0.2419828   0.0000962  -0.105767  -0.010444   0.000054   0.000036  0.0000068  0.0000126    0.000153    0.000052
2020   4  28  58967   0.070651   0.432914  -0.2420713   0.0000758  -0.106003  -0.010564   0.000054   0.000036  0.0000068  0.0000127    0.000156    0.000053
2020   4  29  58968   0.072257   0.433716  -0.2421323   0.0000576  -0.105861  -0.010641   0.000054   0.000036  0.0000068  0.0000127    0.000156    0.000052
2020   4  30  58969   0.074184   0.434641  -0.2422391   0.0001523  -0.105423  -0.010642   0.000055   0.000036  0.0000068  0.0000128    0.000158    0.000052
2020   5   1  58970   0.075876   0.435873  -0.2424745   0.0003425  -0.105021  -0.010614   0.000055   0.000037  0.0000068  0.0000128    0.000153    0.000050
2020   5   2  58971   0.077588   0.436915  -0.2429170   0.0005860  -0.104699  -0.010624   0.000054   0.000036  0.0000068  0.0000129    0.000151    0.000048
2020   5   3  58972   0.079720   0.438133  -0.2436308   0.0008396  -0.104481  -0.010611   0.000054   0.000036  0.0000068  0.0000130    0.000151    0.000047
2020   5   4  58973   0.081539   0.439339  -0.2445748   0.0010690  -0.104463  -0.010466   0.000054   0.000036  0.0000068  0.0000130    0.000151    0.000046
2020   5   5  58974   0.083001   0.440397  -0.2456700   0.0011321  -0.104777  -0.010245   0.000054   0.000037  0.0000068  0.0000131    0.000153    0.000045
2020   5   6  58975   0.084371   0.441298  -0.2468040   0.0011108  -0.105476  -0.010174   0.000054   0.000037  0.0000069  0.0000132    0.000153    0.000046
2020   5   7  58976   0.085880   0.442199  -0.2478448   0.0009728  -0.106216  -0.010285   0.000054   0.000037  0.0000070  0.0000132    0.000156    0.000047
2020   5   8  58977   0.087577   0.442774  -0.2486936   0.0007462  -0.106635  -0.010407   0.000053   0.000036  0.0000071  0.0000129    0.000153    0.000047
2020   5   9  58978   0.089488   0.443500  -0.2493145   0.0005172  -0.106574  -0.010361   0.000053   0.000036  0.0000072  0.0000129    0.000156    0.000048
2020   5  10  58979   0.091613   0.444552  -0.2497270   0.0003195  -0.106202  -0.010291   0.000052   0.000035  0.0000073  0.0000126    0.000158    0.000049
2020   5  11  58980   0.093236   0.445566  -0.2499850   0.0001858  -0.105798  -0.010381   0.000052   0.000035  0.0000074  0.0000126    0.000158    0.000049
2020   5  12  58981   0.094612   0.446353  -0.2501641   0.0001770  -0.105629  -0.010581   0.000052   0.000035  0.0000074  0.0000127    0.000151    0.000048
2020   5  13  58982   0.095989   0.446778  -0.2503571   0.0001767  -0.105623  -0.010771   0.000052   0.000034  0.0000075  0.0000127    0.000151    0.000048
2020   5  14  58983   0.097182   0.446651  -0.2505619   0.0001941  -0.105696  -0.010773   0.000052   0.000034  0.0000076  0.0000128    0.000153    0.000048
2020   5  15  58984   0.098876   0.446341  -0.2507604   0.0002778  -0.105574  -0.010663   0.000052   0.000034  0.0000076  0.0000128    0.000151    0.000047
2020   5  16  58985   0.100314   0.446369  -0.2510803   0.0003654  -0.105445  -0.010498   0.000052   0.000034  0.0000076  0.0000129    0.000153    0.000047
2020   5  17  58986   0.101760   0.446093  -0.2514781   0.0004799  -0.105421  -0.010347   0.000051   0.000033  0.0000076  0.0000126    0.000153    0.000046
2020   5  18  58987   0.102987   0.446067  -0.2520116   0.0005811  -0.105678  -0.010159   0.000050   0.000033  0.0000076  0.0000126    0.000153    0.000046
2020   5  19  58988   0.104425   0.445811  -0.2526084   0.0005937  -0.106196  -0.009926   0.000050   0.000033  0.0000076  0.0000126    0.000153    0.000045
2020   5  20  58989   0.106126   0.445938  -0.2531595   0.0005169  -0.106485  -0.009835   0.000050   0.000033  0.0000077  0.0000127    0.000156    0.000046
2020   5  21  58990   0.107451   0.446340  -0.2536215   0.0004139  -0.106555  -0.009949   0.000050   0.000033  0.0000079  0.0000127    0.000158    0.000048
2020   5  22  58991   0.108276   0.446830  -0.2539584   0.0002708  -0.106454  -0.010234   0.000050   0.000033  0.0000080  0.0000128    0.000161    0.000049
2020   5  23  58992   0.108413   0.447082  -0.2541455   0.0001033  -0.106414  -0.010482   0.000050   0.000033  0.0000082  0.0000128    0.000163    0.000050
2020   5  24  58993   0.108453   0.446641  -0.2541522  -0.0000695  -0.106406  -0.010604   0.000049   0.000032  0.0000083  0.0000126    0.000166    0.000052
2020   5  25  58994   0.108379   0.446015  -0.2540079  -0.0001838  -0.106481  -0.010602   0.000049   0.000032  0.0000085  0.0000126    0.000168    0.000053
2020   5  26  58995   0.108296   0.445345  -0.2538363  -0.0002193  -0.106707  -0.010548   0.000049   0.000032  0.0000086  0.0000127    0.000171    0.000055
2020   5  27  58996   0.109175   0.444412  -0.2536837  -0.0001520  -0.106998  -0.010513   0.000049   0.000032  0.0000088  0.0000127    0.000171    0.000057
2020   5  28  58997   0.110181   0.443910  -0.2535569  -0.0000617  -0.106798  -0.010694   0.000049   0.000032  0.0000089  0.0000127    0.000173    0.000058
2020   5  29  58998   0.110932   0.443391  -0.2535459   0.0000737  -0.106199  -0.010901   0.000049   0.000032  0.0000091  0.0000128    0.000176    0.000059
2020   5  30  58999   0.112039   0.442888  -0.2537140   0.0002698  -0.105753  -0.010836   0.000049   0.000032  0.0000091  0.0000128    0.000166    0.000055
2020   5  31  59000   0.113109   0.442390  -0.2540926   0.0004718  -0.105611  -0.010580   0.000048   0.000031  0.0000093  0.0000126    0.000168    0.000057
2020   6   1  59001   0.114095   0.441605  -0.2546428   0.0006051  -0.105941  -0.010248   0.000048   0.000031  0.0000095  0.0000126    0.000173    0.000059
2020   6   2  59002   0.115356   0.440965  -0.2552636   0.0005944  -0.106739  -0.009983   0.000048   0.000031  0.0000096  0.0000127    0.000166    0.000058
2020   6   3  59003   0.116557   0.440577  -0.2558111   0.0004238  -0.107710  -0.009903   0.000049   0.000031  0.0000097  0.0000127    0.000168    0.000060
2020   6   4  59004   0.117960   0.440275  -0.2561433   0.0001999  -0.108227  -0.010104   0.000049   0.000031  0.0000098  0.0000128    0.000168    0.000060
2020   6   5  59005   0.119592   0.440373  -0.2562125  -0.0000442  -0.108259  -0.010314   0.000049   0.000031  0.0000097  0.0000128    0.000171    0.000060
2020   6   6  59006   0.121341   0.440754  -0.2560362  -0.0002611  -0.108081  -0.010259   0.000049   0.000032  0.0000099  0.0000129    0.000173    0.000061
2020   6   7  59007   0.123021   0.441349  -0.2556732  -0.0004235  -0.107774  -0.010123   0.000049   0.000032  0.0000102  0.0000130    0.000176    0.000063
2020   6   8  59008   0.124214   0.441730  -0.2551905  -0.0005518  -0.107473  -0.010119   0.000048   0.000031  0.0000100  0.0000127    0.000168    0.000062
2020   6   9  59009   0.125342   0.441604  -0.2546373  -0.0006060  -0.107349  -0.010251   0.000048   0.000031  0.0000101  0.0000127    0.000168    0.000064
2020   6  10  59010   0.126901   0.441125  -0.2540253  -0.0006402  -0.107509  -0.010488   0.000049   0.000031  0.0000102  0.0000128    0.000171    0.000065
2020   6  11  59011   0.128704   0.440696  -0.2533824  -0.0006234  -0.107860  -0.010608   0.000049   0.000031  0.0000102  0.0000128    0.000173    0.000066
2020   6  12  59012   0.130552   0.440812  -0.2527082  -0.0006319  -0.108024  -0.010520   0.000049   0.000031  0.0000102  0.0000129    0.000176    0.000066
2020   6  13  59013   0.132365   0.440839  -0.2520923  -0.0005984  -0.107981  -0.010400   0.000049   0.000031  0.0000102  0.0000129    0.000168    0.000065
2020   6  14  59014   0.134367   0.440694  -0.2515698  -0.0004699  -0.107885  -0.010312   0.000049   0.000031  0.0000102  0.0000130    0.000171    0.000066
2020   6  15  59015   0.136361   0.440461  -0.2511455  -0.0003956  -0.107911  -0.010176   0.000048   0.000031  0.0000102  0.0000127    0.000173    0.000066
2020   6  16  59016   0.138330   0.439889  -0.2507551  -0.0004115  -0.108120  -0.009939   0.000048   0.000031  0.0000102  0.0000127    0.000176    0.000067
2020   6  17  59017   0.140357   0.439316  -0.2502728  -0.0004882  -0.108739  -0.009763   0.000048   0.000031  0.0000102  0.0000128    0.000176    0.000066
2020   6  18  59018   0.142486   0.438802  -0.2496915  -0.0006405  -0.109366  -0.009741   0.000048   0.000031  0.0000100  0.0000128    0.000173    0.000064
2020   6  19  59019   0.144941   0.438049  -0.2490204  -0.0008280  -0.109837  -0.009937   0.000048   0.000031  0.0000099  0.0000129    0.000176    0.000063
2020   6  20  59020   0.147096   0.437587  -0.2481020  -0.0010077  -0.109937  -0.010220   0.000048   0.000031  0.0000099  0.0000129    0.000176    0.000063
2020   6  21  59021   0.149313   0.437067  -0.2470621  -0.0011348  -0.109841  -0.010453   0.000048   0.000031  0.0000096  0.0000130    0.000168    0.000061
2020   6  22  59022   0.151173   0.436544  -0.2459006  -0.0011882  -0.109738  -0.010532   0.000048   0.000031  0.0000096  0.0000131    0.000171    0.000060
2020   6  23  59023   0.152501   0.435847  -0.2447075  -0.0011609  -0.109755  -0.010474   0.000048   0.000031  0.0000096  0.0000131    0.000171    0.000060
2020   6  24  59024   0.153957   0.435016  -0.2435776  -0.0010590  -0.109879  -0.010413   0.000046   0.000031  0.0000096  0.0000129    0.000173    0.000060
2020   6  25  59025   0.155435   0.434459  -0.2426081  -0.0008700  -0.109961  -0.010424   0.000046   0.000031  0.0000098  0.0000129    0.000181    0.000064
2020   6  26  59026   0.156934   0.433845  -0.2418658  -0.0006289  -0.109840  -0.010486   0.000046   0.000031  0.0000097  0.0000130    0.000178    0.000062
2020   6  27  59027   0.158898   0.433340  -0.2413584  -0.0003980  -0.109645  -0.010472   0.000046   0.000031  0.0000097  0.0000131    0.000181    0.000061
2020   6  28  59028   0.160843   0.432785  -0.2410263  -0.0002585  -0.109581  -0.010322   0.000045   0.000030  0.0000096  0.0000122    0.000181    0.000060
2020   6  29  59029   0.162741   0.432243  -0.2408089  -0.0002157  -0.109883  -0.010085   0.000045   0.000030  0.0000095  0.0000123    0.000184    0.000058
2020   6  30  59030   0.164819   0.432093  -0.2405730  -0.0003266  -0.110585  -0.009893   0.000045   0.000030  0.0000094  0.0000123    0.000184    0.000058
2020   7   1  59031   0.166926   0.431645  -0.2401540  -0.0005330  -0.111397  -0.009872   0.000045   0.000031  0.0000094  0.0000123    0.000186    0.000057
2020   7   2  59032   0.168557   0.431033  -0.2394930  -0.0007733  -0.112006  -0.009977   0.000045   0.000031  0.0000093  0.0000124    0.000186    0.000056
2020   7   3  59033   0.170032   0.430055  -0.2386042  -0.0009919  -0.112165  -0.010078   0.000045   0.000031  0.0000094  0.0000124    0.000189    0.000056
2020   7   4  59034   0.171560   0.428853  -0.2374976  -0.0011888  -0.111970  -0.010116   0.000045   0.000031  0.0000092  0.0000125    0.000176    0.000053
2020   7   5  59035   0.173368   0.427397  -0.2362157  -0.0013336  -0.111636  -0.010143   0.000045   0.000031  0.0000092  0.0000125    0.000173    0.000052
2020   7   6  59036   0.175553   0.426079  -0.2348932  -0.0013264  -0.111350  -0.010239   0.000045   0.000031  0.0000092  0.0000126    0.000176    0.000052
2020   7   7  59037   0.177661   0.424849  -0.2336113  -0.0012547  -0.111217  -0.010401   0.000045   0.000031  0.0000092  0.0000126    0.000178    0.000053
2020   7   8  59038   0.179613   0.423425  -0.2324088  -0.0011768  -0.111407  -0.010525   0.000046   0.000032  0.0000092  0.0000127    0.000178    0.000053
2020   7   9  59039   0.181521   0.421864  -0.2312898  -0.0010791  -0.111799  -0.010547   0.000045   0.000031  0.0000092  0.0000123    0.000181    0.000053
2020   7  10  59040   0.183418   0.420421  -0.2302231  -0.0009941  -0.112273  -0.010499   0.000045   0.000031  0.0000092  0.0000123    0.000184    0.000054
2020   7  11  59041   0.185188   0.419417  -0.2292534  -0.0009766  -0.112643  -0.010446   0.000045   0.000031  0.0000092  0.0000124    0.000184    0.000054
2020   7  12  59042   0.186700   0.418240  -0.2282505  -0.0010200  -0.112871  -0.010400   0.000046   0.000031  0.0000092  0.0000124    0.000186    0.000054
2020   7  13  59043   0.187629   0.416964  -0.2272025  -0.0010697  -0.113044  -0.010293   0.000045   0.000031  0.0000092  0.0000121    0.000189    0.000054
2020   7  14  59044   0.188400   0.415662  -0.2261191  -0.0011213  -0.113305  -0.010079   0.000045   0.000031  0.0000093  0.0000121    0.000191    0.000054
2020   7  15  59045   0.189708   0.414695  -0.2249892  -0.0011788  -0.113705  -0.009852   0.000045   0.000031  0.0000094  0.0000121    0.000194    0.000056
2020   7  16  59046   0.190936   0.413918  -0.2237845  -0.0012457  -0.114190  -0.009742   0.000046   0.000031  0.0000096  0.0000122    0.000196    0.000058
2020   7  17  59047   0.192195   0.412935  -0.2224785  -0.0013164  -0.114559  -0.009849   0.000046   0.000031  0.0000098  0.0000122    0.000189    0.000056
2020   7  18  59048   0.193260   0.411933  -0.2211074  -0.0014070  -0.114694  -0.010117   0.000046   0.000031  0.0000099  0.0000122    0.000194    0.000058
2020   7  19  59049   0.193896   0.410755  -0.2196918  -0.0014663  -0.114605  -0.010415   0.000046   0.000031  0.0000102  0.0000123    0.000196    0.000059
2020   7  20  59050   0.194356   0.409458  -0.2182373  -0.0014190  -0.114428  -0.010592   0.000046   0.000031  0.0000104  0.0000119    0.000199    0.000061
2020   7  21  59051   0.194688   0.408238  -0.2168640  -0.0012724  -0.114285  -0.010578   0.000046   0.000031  0.0000105  0.0000120    0.000201    0.000064
2020   7  22  59052   0.195127   0.406704  -0.2156688  -0.0010646  -0.114293  -0.010443   0.000046   0.000031  0.0000107  0.0000120    0.000206    0.000066
2020   7  23  59053   0.195548   0.405185  -0.2147063  -0.0008562  -0.114374  -0.010315   0.000046   0.000031  0.0000102  0.0000120    0.000204    0.000066
2020   7  24  59054   0.196360   0.403989  -0.2139791  -0.0006416  -0.114517  -0.010288   0.000046   0.000031  0.0000103  0.0000121    0.000206    0.000068
2020   7  25  59055   0.197205   0.402836  -0.2134367  -0.0005213  -0.114621  -0.010344   0.000046   0.000031  0.0000104  0.0000121    0.000209    0.000071
2020   7  26  59056   0.197779   0.401664  -0.2129757  -0.0004897  -0.114751  -0.010388   0.000046   0.000031  0.0000106  0.0000122    0.000214    0.000075
2020   7  27  59057   0.198067   0.400506  -0.2124662  -0.0005643  -0.114957  -0.010348   0.000046   0.000031  0.0000107  0.0000118    0.000216    0.000079
2020   7  28  59058   0.198139   0.399287  -0.2118373  -0.0006872  -0.115247  -0.010245   0.000046   0.000031  0.0000109  0.0000119    0.000221    0.000083
2020   7  29  59059   0.198581   0.398202  -0.2110818  -0.0008293  -0.115795  -0.010103   0.000046   0.000031  0.0000110  0.0000119    0.000224    0.000086
2020   7  30  59060   0.199254   0.397133  -0.2101850  -0.0009562  -0.116352  -0.010000   0.000046   0.000031  0.0000110  0.0000120    0.000204    0.000078
2020   7  31  59061   0.199858   0.395993  -0.2091724  -0.0010540  -0.116722  -0.009945   0.000046   0.000031  0.0000111  0.0000120    0.000206    0.000080
2020   8   1  59062   0.200916   0.394791  -0.2081196  -0.0010540  -0.116639  -0.010005   0.000046   0.000031  0.0000105  0.0000120    0.000199    0.000075
2020   8   2  59063   0.202618   0.394109  -0.2070472  -0.0010157  -0.116313  -0.010143   0.000046   0.000031  0.0000105  0.0000121    0.000201    0.000075
2020   8   3  59064   0.203857   0.393712  -0.2060676  -0.0009380  -0.115999  -0.010304   0.000046   0.000031  0.0000105  0.0000121    0.000204    0.000075
2020   8   4  59065   0.204978   0.393256  -0.2052248  -0.0007909  -0.115820  -0.010417   0.000046   0.000031  0.0000105  0.0000122    0.000206    0.000075
2020   8   5  59066   0.206149   0.392575  -0.2044963  -0.0006824  -0.115822  -0.010413   0.000046   0.000031  0.0000103  0.0000123    0.000191    0.000069
2020   8   6  59067   0.207131   0.391715  -0.2038968  -0.0005592  -0.115918  -0.010256   0.000046   0.000031  0.0000120  0.0000119    0.000216    0.000101
2020   8   7  59068   0.207997   0.390904  -0.2034232  -0.0004263  -0.116119  -0.010122   0.000046   0.000031  0.0000121  0.0000119    0.000219    0.000103
2020   8   8  59069   0.208823   0.389508  -0.2030598  -0.0003350  -0.116352  -0.010085   0.000046   0.000031  0.0000122  0.0000120    0.000221    0.000103
2020   8   9  59070   0.209912   0.388019  -0.2027319  -0.0003316  -0.116452  -0.010101   0.000046   0.000031  0.0000118  0.0000117    0.000221    0.000101
2020   8  10  59071   0.210987   0.386680  -0.2023438  -0.0004217  -0.116397  -0.010079   0.000046   0.000031  0.0000118  0.0000117    0.000224    0.000101
2020   8  11  59072   0.212000   0.385344  -0.2018452  -0.0005731  -0.116403  -0.009990   0.000046   0.000031  0.0000118  0.0000118    0.000226    0.000101
2020   8  12  59073   0.213138   0.383934  -0.2012087  -0.0007229  -0.116711  -0.009911   0.000046   0.000031  0.0000118  0.0000118    0.000229    0.000101
2020   8  13  59074   0.214369   0.382229  -0.2004326  -0.0008567  -0.117327  -0.009896   0.000046   0.000031  0.0000116  0.0000118    0.000231    0.000100
2020   8  14  59075   0.215208   0.380501  -0.1995089  -0.0009856  -0.117862  -0.010008   0.000046   0.000031  0.0000115  0.0000119    0.000231    0.000098
2020   8  15  59076   0.215710   0.379116  -0.1984422  -0.0010961  -0.117969  -0.010237   0.000046   0.000032  0.0000114  0.0000119    0.000234    0.000096
2020   8  16  59077   0.216181   0.377875  -0.1972937  -0.0011496  -0.117717  -0.010478   0.000046   0.000031  0.0000125  0.0000117    0.000251    0.000111
2020   8  17  59078   0.216815   0.377092  -0.1961824  -0.0010903  -0.117371  -0.010634   0.000046   0.000031  0.0000124  0.0000117    0.000254    0.000110
2020   8  18  59079   0.217198   0.376427  -0.1951499  -0.0009586  -0.117086  -0.010634   0.000046   0.000031  0.0000123  0.0000117    0.000256    0.000109
2020   8  19  59080   0.217097   0.375794  -0.1942910  -0.0007516  -0.116860  -0.010461   0.000046   0.000031  0.0000121  0.0000118    0.000261    0.000108
2020   8  20  59081   0.216740   0.374898  -0.1936905  -0.0004787  -0.116609  -0.010181   0.000046   0.000031  0.0000121  0.0000118    0.000264    0.000109
2020   8  21  59082   0.216769   0.373565  -0.1933538  -0.0002135  -0.116544  -0.010025   0.000046   0.000031  0.0000115  0.0000119    0.000236    0.000098
2020   8  22  59083   0.216932   0.371778  -0.1932222  -0.0000596  -0.116942  -0.010120   0.000046   0.000032  0.0000114  0.0000119    0.000239    0.000097
2020   8  23  59084   0.217580   0.370054  -0.1931667  -0.0000789  -0.117491  -0.010324   0.000046   0.000032  0.0000116  0.0000120    0.000244    0.000100
2020   8  24  59085   0.218417   0.368646  -0.1930381  -0.0002268  -0.117919  -0.010436   0.000046   0.000032  0.0000115  0.0000120    0.000244    0.000098
2020   8  25  59086   0.218821   0.367280  -0.1927121  -0.0004572  -0.118176  -0.010398   0.000046   0.000032  0.0000114  0.0000121    0.000246    0.000097
2020   8  26  59087   0.218848   0.366011  -0.1921170  -0.0007332  -0.118185  -0.010279   0.000046   0.000032  0.0000115  0.0000122    0.000249    0.000098
2020   8  27  59088   0.218568   0.364900  -0.1912433  -0.0009788  -0.118184  -0.010178   0.000046   0.000032  0.0000115  0.0000122    0.000251    0.000101
2020   8  28  59089   0.218460   0.363753  -0.1901406  -0.0011675  -0.118198  -0.010124   0.000046   0.000033  0.0000116  0.0000123    0.000254    0.000103
2020   8  29  59090   0.218163   0.363164  -0.1888889  -0.0012589  -0.118156  -0.010142   0.000047   0.000033  0.0000117  0.0000124    0.000256    0.000104
2020   8  30  59091   0.217507   0.362331  -0.1876041  -0.0012675  -0.117960  -0.010232   0.000046   0.000032  0.0000115  0.0000120    0.000256    0.000102
2020   8  31  59092   0.216816   0.361537  -0.1864039  -0.0011495  -0.117679  -0.010343   0.000046   0.000033  0.0000114  0.0000120    0.000256    0.000103
2020   9   1  59093   0.215870   0.360680  -0.1853447  -0.0009829  -0.117461  -0.010354   0.000046   0.000033  0.0000114  0.0000121    0.000261    0.000103
2020   9   2  59094   0.214888   0.359360  -0.1844359  -0.0008078  -0.117387  -0.010195   0.000046   0.000033  0.0000114  0.0000122    0.000261    0.000104
2020   9   3  59095   0.214008   0.357869  -0.1836718  -0.0006993  -0.117419  -0.009911   0.000046   0.000033  0.0000114  0.0000122    0.000264    0.000104
2020   9   4  59096   0.213234   0.356016  -0.1830210  -0.0006290  -0.117502  -0.009673   0.000046   0.000033  0.0000113  0.0000123    0.000254    0.000100
2020   9   5  59097   0.212795   0.354430  -0.1824364  -0.0005731  -0.117550  -0.009586   0.000046   0.000033  0.0000111  0.0000124    0.000239    0.000096
2020   9   6  59098   0.212274   0.353191  -0.1818721  -0.0005450  -0.117459  -0.009623   0.000046   0.000033  0.0000110  0.0000125    0.000241    0.000095
2020   9   7  59099   0.211790   0.351835  -0.1812925  -0.0005934  -0.117228  -0.009666   0.000045   0.000032  0.0000110  0.0000117    0.000241    0.000094
2020   9   8  59100   0.211193   0.350339  -0.1806562  -0.0006743  -0.117077  -0.009672   0.000045   0.000031  0.0000109  0.0000117    0.000244    0.000093
2020   9   9  59101   0.210918   0.349451  -0.1799467  -0.0007776  -0.117278  -0.009720   0.000045   0.000031  0.0000109  0.0000118    0.000244    0.000092
2020   9  10  59102   0.210855   0.348811  -0.1791721  -0.0008106  -0.118101  -0.009873   0.000045   0.000031  0.0000109  0.0000118    0.000246    0.000092
2020   9  11  59103   0.210933   0.348368  -0.1783511  -0.0007954  -0.118899  -0.010062   0.000045   0.000031  0.0000114  0.0000119    0.000256    0.000098
2020   9  12  59104   0.210314   0.347629  -0.1775178  -0.0007983  -0.118839  -0.010155   0.000045   0.000031  0.0000117  0.0000119    0.000251    0.000100
2020   9  13  59105   0.209427   0.346406  -0.1767408  -0.0007225  -0.118221  -0.010109   0.000045   0.000031  0.0000117  0.0000117    0.000254    0.000099
2020   9  14  59106   0.208717   0.345499  -0.1761147  -0.0005314  -0.117572  -0.009993   0.000045   0.000031  0.0000117  0.0000117    0.000254    0.000098
2020   9  15  59107   0.208051   0.344156  -0.1757085  -0.0002763  -0.117115  -0.009834   0.000045   0.000031  0.0000117  0.0000118    0.000256    0.000098
2020   9  16  59108   0.207856   0.342757  -0.1755535  -0.0000032  -0.117041  -0.009632   0.000045   0.000031  0.0000118  0.0000118    0.000259    0.000099
2020   9  17  59109   0.207763   0.341482  -0.1756637   0.0002120  -0.117165  -0.009397   0.000045   0.000031  0.0000120  0.0000118    0.000261    0.000102
2020   9  18  59110   0.207499   0.340031  -0.1759844   0.0003569  -0.117493  -0.009329   0.000045   0.000031  0.0000126  0.0000119    0.000284    0.000113
2020   9  19  59111   0.206755   0.338625  -0.1764092   0.0004253  -0.117787  -0.009525   0.000045   0.000031  0.0000128  0.0000120    0.000287    0.000117
2020   9  20  59112   0.205778   0.337224  -0.1767967   0.0003203  -0.117963  -0.009831   0.000045   0.000031  0.0000134  0.0000120    0.000299    0.000123
2020   9  21  59113   0.204647   0.335988  -0.1770190   0.0001175  -0.117974  -0.009971   0.000045   0.000031  0.0000136  0.0000117    0.000304    0.000128
2020   9  22  59114   0.203448   0.334984  -0.1770237  -0.0001062  -0.117871  -0.009888   0.000045   0.000031  0.0000138  0.0000118    0.000309    0.000134
2020   9  23  59115   0.202369   0.333990  -0.1768324  -0.0002892  -0.117808  -0.009726   0.000045   0.000031  0.0000141  0.0000118    0.000312    0.000137
2020   9  24  59116   0.201447   0.333000  -0.1764820  -0.0004005  -0.117790  -0.009663   0.000045   0.000031  0.0000142  0.0000118    0.000314    0.000139
2020   9  25  59117   0.200100   0.331835  -0.1760287  -0.0004429  -0.117816  -0.009659   0.000045   0.000031  0.0000144  0.0000119    0.000317    0.000142
2020   9  26  59118   0.198705   0.330548  -0.1755265  -0.0004754  -0.117823  -0.009657   0.000046   0.000031  0.0000145  0.0000119    0.000319    0.000143
2020   9  27  59119   0.197236   0.329251  -0.1750164  -0.0005323  -0.117698  -0.009638   0.000046   0.000031  0.0000145  0.0000120    0.000319    0.000143
2020   9  28  59120   0.196127   0.327949  -0.1745224  -0.0005057  -0.117417  -0.009626   0.000046   0.000031  0.0000147  0.0000121    0.000322    0.000144
2020   9  29  59121   0.195040   0.326608  -0.1740769  -0.0003921  -0.117091  -0.009571   0.000046   0.000032  0.0000148  0.0000121    0.000327    0.000144
2020   9  30  59122   0.194222   0.325303  -0.1737113  -0.0002857  -0.116812  -0.009399   0.000046   0.000032  0.0000150  0.0000122    0.000329    0.000144
2020  10   1  59123   0.193592   0.324399  -0.1734352  -0.0002262  -0.116635  -0.009098   0.000047   0.000032  0.0000152  0.0000123    0.000332    0.000143
2020  10   2  59124   0.192652   0.323725  -0.1732413  -0.0001769  -0.116497  -0.008830   0.000047   0.000032  0.0000153  0.0000123    0.000334    0.000142
2020  10   3  59125   0.191328   0.322856  -0.1731044  -0.0001385  -0.116416  -0.008726   0.000047   0.000032  0.0000154  0.0000124    0.000334    0.000140
2020  10   4  59126   0.190376   0.321580  -0.1729735  -0.0001437  -0.116283  -0.008799   0.000048   0.000033  0.0000155  0.0000125    0.000339    0.000139
2020  10   5  59127   0.190057   0.320101  -0.1727946  -0.0002063  -0.116084  -0.008917   0.000048   0.000033  0.0000156  0.0000126    0.000342    0.000138
2020  10   6  59128   0.189565   0.319194  -0.1725157  -0.0003291  -0.115972  -0.008992   0.000049   0.000033  0.0000156  0.0000127    0.000344    0.000137
2020  10   7  59129   0.188477   0.318544  -0.1720944  -0.0004769  -0.116068  -0.009102   0.000046   0.000031  0.0000157  0.0000117    0.000347    0.000138
2020  10   8  59130   0.187213   0.317589  -0.1715545  -0.0005752  -0.116397  -0.009290   0.000047   0.000031  0.0000156  0.0000117    0.000349    0.000140
2020  10   9  59131   0.185866   0.316267  -0.1709438  -0.0006027  -0.116638  -0.009458   0.000047   0.000031  0.0000156  0.0000118    0.000352    0.000142
2020  10  10  59132   0.184598   0.314938  -0.1703470  -0.0005638  -0.116468  -0.009445   0.000047   0.000031  0.0000156  0.0000118    0.000357    0.000144
2020  10  11  59133   0.183096   0.313821  -0.1698266  -0.0004507  -0.115927  -0.009210   0.000047   0.000032  0.0000156  0.0000118    0.000359    0.000146
2020  10  12  59134   0.181364   0.312491  -0.1694229  -0.0002698  -0.115389  -0.008902   0.000048   0.000032  0.0000156  0.0000118    0.000362    0.000148
2020  10  13  59135   0.180150   0.311276  -0.1692873   0.0000023  -0.115114  -0.008653   0.000048   0.000032  0.0000156  0.0000119    0.000365    0.000150
2020  10  14  59136   0.179028   0.310496  -0.1694783   0.0003013  -0.115058  -0.008431   0.000048   0.000032  0.0000157  0.0000119    0.000367    0.000152
2020  10  15  59137   0.178273   0.309566  -0.1699480   0.0005931  -0.115144  -0.008144   0.000048   0.000032  0.0000158  0.0000120    0.000372    0.000155
2020  10  16  59138   0.177870   0.308850  -0.1706403   0.0007682  -0.115361  -0.007992   0.000049   0.000032  0.0000159  0.0000120    0.000375    0.000160
2020  10  17  59139   0.177728   0.308173  -0.1714530   0.0007984  -0.115610  -0.008188   0.000049   0.000032  0.0000159  0.0000121    0.000380    0.000164
2020  10  18  59140   0.177883   0.307413  -0.1722056   0.0006699  -0.115634  -0.008525   0.000049   0.000032  0.0000160  0.0000122    0.000385    0.000168
2020  10  19  59141   0.177193   0.306640  -0.1727351   0.0003985  -0.115435  -0.008635   0.000049   0.000032  0.0000161  0.0000122    0.000387    0.000171
2020  10  20  59142   0.175829   0.305561  -0.1730135   0.0001477  -0.115280  -0.008456   0.000049   0.000033  0.0000162  0.0000123    0.000390    0.000174
2020  10  21  59143   0.174443   0.304709  -0.1731105   0.0000250  -0.115087  -0.008274   0.000049   0.000033  0.0000162  0.0000124    0.000392    0.000175
2020  10  22  59144   0.173243   0.304010  -0.1731120   0.0000231  -0.114916  -0.008342   0.000049   0.000032  0.0000162  0.0000121    0.000395    0.000176
2020  10  23  59145   0.172122   0.303220  -0.1731129   0.0000584  -0.114738  -0.008535   0.000049   0.000033  0.0000161  0.0000121    0.000397    0.000177
2020  10  24  59146   0.170979   0.302398  -0.1731915   0.0001102  -0.114725  -0.008621   0.000050   0.000033  0.0000161  0.0000122    0.000319    0.000130
2020  10  25  59147   0.169567   0.301498  -0.1733234   0.0001512  -0.114731  -0.008525   0.000050   0.000033  0.0000162  0.0000119    0.000319    0.000130
2020  10  26  59148   0.168213   0.300588  -0.1735104   0.0002021  -0.114596  -0.008383   0.000050   0.000033  0.0000164  0.0000120    0.000319    0.000130
2020  10  27  59149   0.167025   0.299828  -0.1737708   0.0003055  -0.114352  -0.008290   0.000051   0.000034  0.0000165  0.0000120    0.000319    0.000130
2020  10  28  59150   0.165274   0.299221  -0.1741049   0.0003277  -0.114076  -0.008104   0.000052   0.000034  0.0000168  0.0000121    0.000319    0.000129
2020  10  29  59151   0.163658   0.298406  -0.1744617   0.0003476  -0.113901  -0.007804   0.000052   0.000034  0.0000169  0.0000122    0.000319    0.000129
2020  10  30  59152   0.162242   0.298257  -0.1747434   0.0003315  -0.113771  -0.007481   0.000053   0.000035  0.0000171  0.0000122    0.000322    0.000129
2020  10  31  59153   0.160455   0.297779  -0.1750666   0.0002816  -0.113669  -0.007349   0.000053   0.000035  0.0000174  0.0000123    0.000317    0.000127
2020  11   1  59154   0.158546   0.297059  -0.1753208   0.0002180  -0.113546  -0.007427   0.000054   0.000035  0.0000175  0.0000124    0.000317    0.000127
2020  11   2  59155   0.156760   0.296584  -0.1754892   0.0001127  -0.113425  -0.007589   0.000054   0.000036  0.0000177  0.0000124    0.000317    0.000126
2020  11   3  59156   0.155022   0.296077  -0.1755506  -0.0000052  -0.113359  -0.007719   0.000055   0.000036  0.0000178  0.0000125    0.000317    0.000127
2020  11   4  59157   0.153756   0.295403  -0.1755009  -0.0001017  -0.113374  -0.007814   0.000055   0.000037  0.0000178  0.0000126    0.000317    0.000127
2020  11   5  59158   0.153116   0.294628  -0.1753222  -0.0002389  -0.113524  -0.007901   0.000055   0.000037  0.0000177  0.0000127    0.000317    0.000127
2020  11   6  59159   0.152204   0.293485  -0.1750506  -0.0003217  -0.113650  -0.007965   0.000056   0.000037  0.0000179  0.0000128    0.000317    0.000126
2020  11   7  59160   0.150933   0.292707  -0.1747265  -0.0002549  -0.113365  -0.007933   0.000056   0.000038  0.0000179  0.0000129    0.000317    0.000126
2020  11   8  59161   0.149316   0.292406  -0.1745355  -0.0000783  -0.112801  -0.007738   0.000056   0.000038  0.0000177  0.0000130    0.000317    0.000127
2020  11   9  59162   0.147825   0.292052  -0.1745810   0.0001968  -0.112230  -0.007478   0.000057   0.000038  0.0000178  0.0000131    0.000317    0.000127
2020  11  10  59163   0.146154   0.291593  -0.1748950   0.0004636  -0.111835  -0.007276   0.000057   0.000039  0.0000179  0.0000132    0.000319    0.000127
2020  11  11  59164   0.144139   0.291248  -0.1754908   0.0006676  -0.111841  -0.007133   0.000057   0.000039  0.0000181  0.0000133    0.000319    0.000127
2020  11  12  59165   0.142123   0.290642  -0.1762784   0.0008387  -0.112073  -0.006983   0.000057   0.000039  0.0000183  0.0000134    0.000319    0.000127
2020  11  13  59166   0.140177   0.290279  -0.1771548   0.0008941  -0.112498  -0.006851   0.000058   0.000040  0.0000183  0.0000135    0.000319    0.000127
2020  11  14  59167   0.137794   0.289624  -0.1779689   0.0007757  -0.112916  -0.006940   0.000058   0.000040  0.0000189  0.0000136    0.000332    0.000133
2020  11  15  59168   0.135204   0.288983  -0.1786182   0.0005395  -0.113042  -0.007167   0.000058   0.000041  0.0000190  0.0000138    0.000332    0.000133
2020  11  16  59169   0.132881   0.288419  -0.1790137   0.0002432  -0.112845  -0.007220   0.000059   0.000041  0.0000123  0.0000139    0.000332    0.000132
2020  11  17  59170   0.130805   0.288003  -0.1791225  -0.0000384  -0.112604  -0.006993   0.000050   0.000038  0.0000111  0.0000072    0.000166    0.000047
2020  11  18  59171   0.129000   0.287331  -0.1790233  -0.0002270  -0.112333  -0.006783   0.000051   0.000039  0.0000111  0.0000072    0.000166    0.000047
2020  11  19  59172   0.127530   0.286787  -0.1787553  -0.0002633  -0.112110  -0.006856   0.000051   0.000039  0.0000112  0.0000073    0.000166    0.000048
2020  11  20  59173   0.126286   0.286684  -0.1784481  -0.0002468  -0.111891  -0.007109   0.000052   0.000040  0.0000112  0.0000073    0.000166    0.000048
2020  11  21  59174   0.125104   0.286777  -0.1781848  -0.0001944  -0.111759  -0.007212   0.000053   0.000041  0.0000112  0.0000074    0.000168    0.000048
2020  11  22  59175   0.124481   0.286278  -0.1780687  -0.0000424  -0.111724  -0.007035   0.000054   0.000043  0.0000112  0.0000074    0.000168    0.000048
2020  11  23  59176   0.124228   0.286214  -0.1781330   0.0001506  -0.111673  -0.006749   0.000055   0.000044  0.0000113  0.0000075    0.000168    0.000048
2020  11  24  59177   0.123617   0.286438  -0.1783447   0.0002542  -0.111536  -0.006565   0.000057   0.000046  0.0000113  0.0000075    0.000171    0.000048
2020  11  25  59178   0.122556   0.286916  -0.1786339   0.0002858  -0.111392  -0.006486   0.000058   0.000048  0.0000113  0.0000076    0.000171    0.000048
2020  11  26  59179   0.120973   0.287505  -0.1789614   0.0002630  -0.111639  -0.006359   0.000060   0.000050  0.0000114  0.0000077    0.000171    0.000049
2020  11  27  59180   0.118868   0.287888  -0.1791698   0.0001765  -0.111983  -0.006148   0.000061   0.000052  0.0000114  0.0000077    0.000173    0.000051
2020  11  28  59181   0.116181   0.288266  -0.1793065   0.0000654  -0.111983  -0.005976   0.000063   0.000053  0.0000114  0.0000078    0.000176    0.000052
2020  11  29  59182   0.113478   0.288418  -0.1792998  -0.0000570  -0.111851  -0.005961   0.000064   0.000055  0.0000115  0.0000078    0.000176    0.000053
2020  11  30  59183   0.110735   0.288608  -0.1792037  -0.0001561  -0.111765  -0.006091   0.000065   0.000057  0.0000115  0.0000079    0.000178    0.000054
2020  12   1  59184   0.108321   0.288148  -0.1790069  -0.0002546  -0.111700  -0.006256   0.000066   0.000059  0.0000116  0.0000080    0.000178    0.000055
2020  12   2  59185   0.106317   0.287572  -0.1787175  -0.0003630  -0.111521  -0.006433   0.000067   0.000061  0.0000117  0.0000080    0.000181    0.000056
2020  12   3  59186   0.104638   0.287348  -0.1783211  -0.0004220  -0.111206  -0.006563   0.000067   0.000062  0.0000117  0.0000081    0.000184    0.000057
2020  12   4  59187   0.102958   0.287742  -0.1779212  -0.0003645  -0.110846  -0.006654   0.000068   0.000064  0.0000117  0.0000081    0.000184    0.000058
2020  12   5  59188   0.101346   0.288801  -0.1776326  -0.0001936  -0.110561  -0.006662   0.000068   0.000066  0.0000117  0.0000082    0.000186    0.000059
2020  12   6  59189   0.099422   0.289616  -0.1775418  -0.0000216  -0.110303  -0.006608   0.000069   0.000067  0.0000117  0.0000082    0.000186    0.000059
2020  12   7  59190   0.097392   0.289604  -0.1776428   0.0002074  -0.110036  -0.006521   0.000069   0.000069  0.0000118  0.0000083    0.000189    0.000060
2020  12   8  59191   0.095366   0.289667  -0.1779633   0.0004263  -0.109822  -0.006423   0.000069   0.000070  0.0000119  0.0000083    0.000191    0.000061
2020  12   9  59192   0.093289   0.289586  -0.1785100   0.0005628  -0.109770  -0.006248   0.000070   0.000071  0.0000120  0.0000083    0.000191    0.000061
2020  12  10  59193   0.091596   0.289267  -0.1791348   0.0006352  -0.109962  -0.006021   0.000070   0.000071  0.0000120  0.0000084    0.000194    0.000061
2020  12  11  59194   0.090377   0.289317  -0.1797372   0.0005418  -0.110382  -0.005837   0.000071   0.000072  0.0000120  0.0000077    0.000196    0.000061
2020  12  12  59195   0.089352   0.289933  -0.1801889   0.0003407  -0.110957  -0.005849   0.000042   0.000032  0.0000121  0.0000073    0.000196    0.000061
2020  12  13  59196   0.088122   0.291099  -0.1803980   0.0000936  -0.111357  -0.006004   0.000042   0.000032  0.0000121  0.0000068    0.000186    0.000060
2020  12  14  59197   0.086753   0.292095  -0.1803677  -0.0001487  -0.111424  -0.006091   0.000042   0.000032  0.0000121  0.0000073    0.000189    0.000060
2020  12  15  59198   0.085413   0.292842  -0.1801153  -0.0003569  -0.111283  -0.005998   0.000042   0.000032  0.0000122  0.0000073    0.000189    0.000060
2020  12  16  59199   0.084102   0.293335  -0.1797032  -0.0004950  -0.110978  -0.005912   0.000042   0.000032  0.0000122  0.0000074    0.000191    0.000060
2020  12  17  59200   0.082931   0.293953  -0.1792128  -0.0004784  -0.110638  -0.006016   0.000042   0.000032  0.0000123  0.0000068    0.000189    0.000061
2020  12  18  59201   0.082113   0.294634  -0.1787692  -0.0003551  -0.110306  -0.006270   0.000042   0.000032  0.0000122  0.0000073    0.000191    0.000062
2020  12  19  59202   0.081252   0.294893  -0.1784509  -0.0002153  -0.109955  -0.006376   0.000042   0.000032  0.0000122  0.0000073    0.000191    0.000062
2020  12  20  59203   0.080086   0.295267  -0.1783092  -0.0000801  -0.109755  -0.006220   0.000042   0.000032  0.0000122  0.0000073    0.000191    0.000063
2020  12  21  59204   0.078850   0.295470  -0.1782871   0.0000538  -0.109702  -0.005936   0.000043   0.000032  0.0000123  0.0000073    0.000194    0.000063
2020  12  22  59205   0.077853   0.295793  -0.1783856   0.0001408  -0.109670  -0.005733   0.000043   0.000032  0.0000124  0.0000074    0.000194    0.000064
2020  12  23  59206   0.077193   0.296034  -0.1785511   0.0001201  -0.110280  -0.005552   0.000043   0.000033  0.0000124  0.0000074    0.000196    0.000065
2020  12  24  59207   0.077026   0.296473  -0.1786330   0.0000432  -0.110481  -0.005434   0.000044   0.000033  0.0000125  0.0000074    0.000196    0.000067
2020  12  25  59208   0.076712   0.297277  -0.1786338  -0.0000514  -0.110407  -0.005249   0.000044   0.000033  0.0000125  0.0000074    0.000199    0.000068
2020  12  26  59209   0.076048   0.297934  -0.1784996  -0.0002084  -0.110245  -0.005021   0.000045   0.000034  0.0000125  0.0000074    0.000201    0.000070
2020  12  27  59210   0.075023   0.298658  -0.1782164  -0.0003786  -0.110067  -0.004910   0.000046   0.000034  0.0000126  0.0000075    0.000201    0.000071
2020  12  28  59211   0.074023   0.299890  -0.1777804  -0.0004936  -0.109971  -0.005004   0.000046   0.000035  0.0000126  0.0000075    0.000204    0.000073
2020  12  29  59212   0.072634   0.301610  -0.1772357  -0.0005621  -0.109906  -0.005227   0.000047   0.000035  0.0000126  0.0000075    0.000204    0.000075