

                   INTERNATIONAL EARTH ROTATION AND REFERENCE SYSTEMS SERVICE
                        EARTH ORIENTATION PARAMETERS
                          EOP (IERS) 14 C04

  
             FORMAT(3(I4),I7,2(F11.6),2(F12.7),2(F11.6),2(F11.6),2(F11.7),2(F12.6))
##################################################################################
  
      Date      MJD      x          y        UT1-UTC       LOD         dX        dY        x Err     y Err   UT1-UTC Err  LOD Err     dX Err       dY Err  
                         "          "           s           s          "         "           "          "          s         s            "           "
     (0h UTC)

2015   1   1  57023   0.030695   0.280799  -0.4599543   0.0009615  -0.000101   0.000013   0.000048   0.000054  0.0000339  0.0000091    0.000045    0.000045
2015   1   2  57024   0.029535   0.281258  -0.4608547   0.0008648  -0.000133   0.000046   0.000048   0.000054  0.0000682  0.0000091    0.000045    0.000045
2015   1   3  57025   0.028852   0.281599  -0.4616403   0.0007718  -0.000165   0.000080   0.000048   0.000054  0.0000718  0.0000091    0.000045    0.000045
2015   1   4  57026   0.028659   0.282071  -0.4623373   0.0006626  -0.000196   0.000113   0.000048   0.000054  0.0000313  0.0000091    0.000044    0.000045
2015   1   5  57027   0.028436   0.282762  -0.4629963   0.0006474  -0.000228   0.000147   0.000049   0.000054  0.0000229  0.0000092    0.000044    0.000045
2015   1   6  57028   0.027941   0.283523  -0.4636581   0.0006354  -0.000260   0.000181   0.000049   0.000054  0.0000154  0.0000092    0.000044    0.000045
2015   1   7  57029   0.027106   0.284514  -0.4643704   0.0006989  -0.000184   0.000162   0.000049   0.000054  0.0000131  0.0000092    0.000044    0.000044
2015   1   8  57030   0.025808   0.285522  -0.4651583   0.0008336  -0.000080   0.000129   0.000049   0.000054  0.0000123  0.0000092    0.000043    0.000044
2015   1   9  57031   0.024562   0.286030  -0.4660317   0.0009939   0.000025   0.000097   0.000049   0.000054  0.0000114  0.0000092    0.000043    0.000044
2015   1  10  57032   0.023502   0.286657  -0.4670556   0.0011003  -0.000006   0.000094   0.000050   0.000054  0.0000237  0.0000093    0.000043    0.000044
2015   1  11  57033   0.022549   0.287832  -0.4681815   0.0011057  -0.000058   0.000076   0.000050   0.000054  0.0000308  0.0000093    0.000042    0.000043
2015   1  12  57034   0.021527   0.288833  -0.4692885   0.0011079  -0.000099   0.000047   0.000050   0.000054  0.0000198  0.0000093    0.000042    0.000043
2015   1  13  57035   0.020409   0.289837  -0.4704035   0.0011142  -0.000140   0.000018   0.000050   0.000054  0.0000080  0.0000093    0.000041    0.000042
2015   1  14  57036   0.018915   0.290855  -0.4715393   0.0011430  -0.000181  -0.000011   0.000050   0.000054  0.0000024  0.0000093    0.000041    0.000042
2015   1  15  57037   0.017149   0.292205  -0.4726793   0.0011212  -0.000181   0.000050   0.000051   0.000054  0.0000033  0.0000093    0.000041    0.000041
2015   1  16  57038   0.015043   0.293679  -0.4737919   0.0011303  -0.000173   0.000114   0.000051   0.000054  0.0000058  0.0000093    0.000041    0.000041
2015   1  17  57039   0.012945   0.294570  -0.4748877   0.0010957  -0.000162   0.000246   0.000051   0.000054  0.0000163  0.0000094    0.000040    0.000041
2015   1  18  57040   0.010735   0.295317  -0.4759595   0.0010653  -0.000086   0.000315   0.000051   0.000054  0.0000212  0.0000094    0.000040    0.000041
2015   1  19  57041   0.009200   0.296111  -0.4770233   0.0010936  -0.000013   0.000212   0.000051   0.000054  0.0000135  0.0000094    0.000040    0.000041
2015   1  20  57042   0.008071   0.296847  -0.4781495   0.0011695  -0.000005   0.000025   0.000051   0.000054  0.0000469  0.0000094    0.000040    0.000040
2015   1  21  57043   0.007336   0.297606  -0.4793960   0.0013179  -0.000111  -0.000006   0.000051   0.000054  0.0001010  0.0000094    0.000040    0.000040
2015   1  22  57044   0.006884   0.298570  -0.4808011   0.0014773  -0.000151  -0.000021   0.000051   0.000054  0.0000708  0.0000094    0.000040    0.000040
2015   1  23  57045   0.006188   0.299575  -0.4823227   0.0015487  -0.000173  -0.000032   0.000051   0.000054  0.0000185  0.0000094    0.000040    0.000040
2015   1  24  57046   0.005096   0.300175  -0.4838844   0.0015457  -0.000239  -0.000051   0.000051   0.000054  0.0000169  0.0000094    0.000040    0.000040
2015   1  25  57047   0.003994   0.301223  -0.4854229   0.0014780  -0.000188  -0.000016   0.000051   0.000054  0.0000259  0.0000094    0.000040    0.000040
2015   1  26  57048   0.002781   0.302216  -0.4868111   0.0012869  -0.000126   0.000033   0.000051   0.000054  0.0000242  0.0000094    0.000040    0.000040
2015   1  27  57049   0.002319   0.303047  -0.4880236   0.0011485  -0.000183   0.000042   0.000051   0.000054  0.0000192  0.0000094    0.000040    0.000040
2015   1  28  57050   0.002218   0.304433  -0.4890647   0.0009765  -0.000174  -0.000004   0.000051   0.000053  0.0000195  0.0000094    0.000040    0.000040
2015   1  29  57051   0.002153   0.306113  -0.4899752   0.0008593  -0.000153   0.000012   0.000051   0.000053  0.0000185  0.0000095    0.000039    0.000040
2015   1  30  57052   0.002830   0.308450  -0.4908278   0.0008438  -0.000116   0.000088   0.000050   0.000053  0.0000070  0.0000095    0.000039    0.000039
2015   1  31  57053   0.003738   0.310857  -0.4916578   0.0008547  -0.000096   0.000127   0.000050   0.000053  0.0000337  0.0000095    0.000039    0.000039
2015   2   1  57054   0.004622   0.313179  -0.4925369   0.0008861  -0.000084   0.000147   0.000050   0.000053  0.0000470  0.0000095    0.000039    0.000039
2015   2   2  57055   0.004661   0.315579  -0.4934539   0.0009431  -0.000118   0.000109   0.000050   0.000052  0.0000340  0.0000095    0.000039    0.000039
2015   2   3  57056   0.004205   0.317836  -0.4944347   0.0010584  -0.000153   0.000065   0.000050   0.000052  0.0000147  0.0000095    0.000039    0.000039
2015   2   4  57057   0.003871   0.319825  -0.4955093   0.0011308  -0.000095   0.000097   0.000049   0.000052  0.0000145  0.0000095    0.000039    0.000038
2015   2   5  57058   0.003146   0.321302  -0.4966677   0.0011609   0.000006   0.000144   0.000049   0.000051  0.0000165  0.0000095    0.000039    0.000038
2015   2   6  57059   0.002621   0.322729  -0.4978706   0.0012531  -0.000040   0.000187   0.000049   0.000051  0.0000080  0.0000095    0.000039    0.000038
2015   2   7  57060   0.002050   0.324442  -0.4991359   0.0013243  -0.000155   0.000201   0.000048   0.000050  0.0000180  0.0000095    0.000038    0.000037
2015   2   8  57061   0.001844   0.325757  -0.5004983   0.0013780  -0.000144   0.000098   0.000048   0.000050  0.0000344  0.0000095    0.000038    0.000037
2015   2   9  57062   0.001987   0.327116  -0.5018499   0.0013159  -0.000095   0.000019   0.000047   0.000049  0.0000274  0.0000095    0.000038    0.000036
2015   2  10  57063   0.002154   0.328323  -0.5031573   0.0012451  -0.000113   0.000121   0.000047   0.000049  0.0000088  0.0000096    0.000038    0.000036
2015   2  11  57064   0.002193   0.329751  -0.5043748   0.0011702  -0.000088   0.000050   0.000046   0.000048  0.0000099  0.0000096    0.000038    0.000036
2015   2  12  57065   0.002218   0.331176  -0.5055428   0.0011660  -0.000051   0.000044   0.000046   0.000048  0.0000136  0.0000096    0.000037    0.000035
2015   2  13  57066   0.002402   0.332462  -0.5067174   0.0011692  -0.000057   0.000070   0.000045   0.000047  0.0000074  0.0000096    0.000037    0.000035
2015   2  14  57067   0.002696   0.333459  -0.5078755   0.0011760  -0.000052   0.000004   0.000044   0.000046  0.0000123  0.0000096    0.000037    0.000034
2015   2  15  57068   0.002744   0.334610  -0.5090477   0.0011865  -0.000057  -0.000014   0.000044   0.000046  0.0000213  0.0000096    0.000037    0.000034
2015   2  16  57069   0.002822   0.335673  -0.5102615   0.0012650  -0.000044  -0.000008   0.000043   0.000045  0.0000188  0.0000096    0.000037    0.000034
2015   2  17  57070   0.002845   0.337285  -0.5115845   0.0014008   0.000016  -0.000016   0.000043   0.000044  0.0000104  0.0000096    0.000037    0.000033
2015   2  18  57071   0.002692   0.338426  -0.5130870   0.0015868  -0.000103   0.000070   0.000042   0.000044  0.0000141  0.0000096    0.000036    0.000033
2015   2  19  57072   0.002764   0.339644  -0.5147495   0.0017203  -0.000131   0.000183   0.000042   0.000043  0.0000173  0.0000097    0.000036    0.000033
2015   2  20  57073   0.002560   0.341038  -0.5165063   0.0017617  -0.000109   0.000182   0.000041   0.000043  0.0000072  0.0000097    0.000036    0.000033
2015   2  21  57074   0.002270   0.342684  -0.5182588   0.0017040  -0.000105   0.000170   0.000041   0.000043  0.0000171  0.0000097    0.000036    0.000033
2015   2  22  57075   0.002367   0.344452  -0.5199492   0.0016234  -0.000055   0.000107   0.000041   0.000042  0.0000224  0.0000097    0.000036    0.000033
2015   2  23  57076   0.003018   0.346367  -0.5215097   0.0014695  -0.000042   0.000092   0.000040   0.000042  0.0000165  0.0000097    0.000036    0.000033
2015   2  24  57077   0.003345   0.348567  -0.5228816   0.0012572  -0.000054   0.000106   0.000040   0.000042  0.0000080  0.0000097    0.000036    0.000033
2015   2  25  57078   0.003112   0.350389  -0.5240488   0.0010767  -0.000104   0.000012   0.000040   0.000042  0.0000065  0.0000097    0.000036    0.000033
2015   2  26  57079   0.003101   0.351766  -0.5250547   0.0009486  -0.000134   0.000062   0.000040   0.000041  0.0000067  0.0000098    0.000036    0.000033
2015   2  27  57080   0.003285   0.353145  -0.5259535   0.0008515  -0.000015   0.000278   0.000040   0.000041  0.0000070  0.0000098    0.000036    0.000033
2015   2  28  57081   0.003137   0.354799  -0.5268047   0.0008573   0.000108   0.000425   0.000040   0.000041  0.0000211  0.0000098    0.000036    0.000033
2015   3   1  57082   0.003079   0.356588  -0.5276786   0.0009084   0.000089   0.000251   0.000040   0.000041  0.0000271  0.0000098    0.000036    0.000033
2015   3   2  57083   0.003431   0.358666  -0.5285920   0.0009417   0.000044   0.000159   0.000040   0.000041  0.0000187  0.0000098    0.000036    0.000033
2015   3   3  57084   0.003846   0.360670  -0.5295616   0.0010134   0.000008   0.000148   0.000039   0.000041  0.0000102  0.0000098    0.000036    0.000033
2015   3   4  57085   0.003862   0.362286  -0.5306071   0.0011002  -0.000027   0.000137   0.000039   0.000041  0.0000067  0.0000098    0.000036    0.000032
2015   3   5  57086   0.004178   0.363767  -0.5317004   0.0011306   0.000001   0.000117   0.000039   0.000041  0.0000068  0.0000098    0.000036    0.000032
2015   3   6  57087   0.004803   0.364965  -0.5328650   0.0011755   0.000045   0.000094   0.000039   0.000041  0.0000079  0.0000098    0.000035    0.000032
2015   3   7  57088   0.005019   0.366190  -0.5340851   0.0012428   0.000050   0.000083   0.000039   0.000041  0.0000176  0.0000098    0.000035    0.000033
2015   3   8  57089   0.004640   0.367354  -0.5353674   0.0012730   0.000041   0.000076   0.000039   0.000040  0.0000233  0.0000098    0.000036    0.000033
2015   3   9  57090   0.003960   0.368201  -0.5366988   0.0013483   0.000031   0.000070   0.000039   0.000040  0.0000205  0.0000098    0.000036    0.000033
2015   3  10  57091   0.003553   0.369261  -0.5380452   0.0013895   0.000022   0.000063   0.000039   0.000040  0.0000153  0.0000099    0.000036    0.000033
2015   3  11  57092   0.003344   0.370507  -0.5394424   0.0013864   0.000145   0.000067   0.000039   0.000040  0.0000170  0.0000099    0.000036    0.000033
2015   3  12  57093   0.003160   0.371635  -0.5408460   0.0014202   0.000134   0.000082   0.000039   0.000040  0.0000584  0.0000098    0.000036    0.000033
2015   3  13  57094   0.002889   0.372722  -0.5422526   0.0013963   0.000028   0.000100   0.000039   0.000040  0.0002447  0.0000098    0.000036    0.000034
2015   3  14  57095   0.002645   0.373662  -0.5436896   0.0014665  -0.000008   0.000103   0.000039   0.000040  0.0001098  0.0000098    0.000036    0.000034
2015   3  15  57096   0.002777   0.374588  -0.5452054   0.0015617   0.000066   0.000060   0.000039   0.000040  0.0000216  0.0000098    0.000036    0.000034
2015   3  16  57097   0.002732   0.375527  -0.5467979   0.0016745   0.000132   0.000080   0.000039   0.000040  0.0000144  0.0000098    0.000036    0.000034
2015   3  17  57098   0.002803   0.376478  -0.5485410   0.0018220   0.000112   0.000204   0.000039   0.000040  0.0000064  0.0000098    0.000036    0.000034
2015   3  18  57099   0.002691   0.377484  -0.5504543   0.0020005   0.000096   0.000193   0.000039   0.000040  0.0000046  0.0000098    0.000036    0.000034
2015   3  19  57100   0.003320   0.378375  -0.5525471   0.0021842   0.000081   0.000147   0.000039   0.000040  0.0000044  0.0000098    0.000036    0.000034
2015   3  20  57101   0.004531   0.379476  -0.5547657   0.0022426   0.000067   0.000101   0.000039   0.000040  0.0000042  0.0000098    0.000036    0.000034
2015   3  21  57102   0.006224   0.381259  -0.5570527   0.0022666   0.000142   0.000008   0.000039   0.000040  0.0000212  0.0000098    0.000036    0.000034
2015   3  22  57103   0.007594   0.383355  -0.5592698   0.0021225   0.000198  -0.000019   0.000039   0.000040  0.0000252  0.0000098    0.000036    0.000034
2015   3  23  57104   0.008497   0.385284  -0.5613431   0.0019439   0.000163   0.000094   0.000039   0.000040  0.0000167  0.0000098    0.000036    0.000034
2015   3  24  57105   0.009311   0.387188  -0.5632364   0.0018118   0.000090   0.000263   0.000039   0.000040  0.0000069  0.0000098    0.000036    0.000034
2015   3  25  57106   0.010068   0.388624  -0.5650215   0.0016964   0.000110   0.000283   0.000039   0.000040  0.0000138  0.0000098    0.000036    0.000034
2015   3  26  57107   0.010611   0.389793  -0.5666588   0.0015510   0.000154   0.000265   0.000039   0.000040  0.0000204  0.0000097    0.000036    0.000034
2015   3  27  57108   0.010868   0.390995  -0.5681223   0.0014322   0.000096   0.000239   0.000039   0.000040  0.0000097  0.0000097    0.000036    0.000034
2015   3  28  57109   0.011039   0.392148  -0.5695450   0.0013901   0.000094   0.000185   0.000039   0.000040  0.0000135  0.0000097    0.000036    0.000035
2015   3  29  57110   0.011437   0.393231  -0.5709452   0.0013813   0.000135   0.000130   0.000039   0.000040  0.0000196  0.0000097    0.000036    0.000035
2015   3  30  57111   0.012018   0.394106  -0.5723159   0.0013815   0.000122   0.000111   0.000039   0.000040  0.0000155  0.0000097    0.000036    0.000035
2015   3  31  57112   0.012515   0.395256  -0.5736790   0.0013836   0.000048   0.000119   0.000039   0.000040  0.0000070  0.0000097    0.000036    0.000035
2015   4   1  57113   0.013716   0.396431  -0.5750400   0.0013756  -0.000013   0.000101   0.000039   0.000040  0.0000075  0.0000097    0.000037    0.000036
2015   4   2  57114   0.015672   0.397887  -0.5764041   0.0013630   0.000015   0.000130   0.000039   0.000040  0.0000103  0.0000097    0.000037    0.000036
2015   4   3  57115   0.017465   0.399739  -0.5777184   0.0013066   0.000055   0.000147   0.000039   0.000040  0.0000133  0.0000097    0.000037    0.000036
2015   4   4  57116   0.018520   0.401679  -0.5789914   0.0012411   0.000091   0.000154   0.000039   0.000040  0.0000152  0.0000097    0.000037    0.000036
2015   4   5  57117   0.019090   0.403465  -0.5801957   0.0011933   0.000128   0.000160   0.000039   0.000040  0.0000165  0.0000097    0.000037    0.000036
2015   4   6  57118   0.019555   0.404876  -0.5814340   0.0012102   0.000164   0.000166   0.000039   0.000040  0.0000151  0.0000096    0.000036    0.000036
2015   4   7  57119   0.020175   0.406077  -0.5826732   0.0012627   0.000200   0.000173   0.000039   0.000040  0.0000114  0.0000096    0.000036    0.000036
2015   4   8  57120   0.020871   0.407006  -0.5838883   0.0012587   0.000236   0.000179   0.000039   0.000040  0.0000077  0.0000096    0.000036    0.000036
2015   4   9  57121   0.021403   0.407897  -0.5851319   0.0012434   0.000236   0.000212   0.000039   0.000040  0.0000099  0.0000096    0.000036    0.000036
2015   4  10  57122   0.021486   0.409268  -0.5864009   0.0013136   0.000203   0.000205   0.000039   0.000040  0.0000135  0.0000096    0.000036    0.000035
2015   4  11  57123   0.021165   0.410679  -0.5877604   0.0014187   0.000188   0.000114   0.000039   0.000040  0.0000171  0.0000096    0.000036    0.000035
2015   4  12  57124   0.021007   0.411696  -0.5892538   0.0015789   0.000230   0.000033   0.000039   0.000040  0.0000168  0.0000096    0.000036    0.000035
2015   4  13  57125   0.021148   0.412412  -0.5908875   0.0017213   0.000257   0.000040   0.000039   0.000040  0.0000132  0.0000095    0.000036    0.000035
2015   4  14  57126   0.021406   0.413180  -0.5926764   0.0018478   0.000223   0.000099   0.000039   0.000040  0.0000088  0.0000095    0.000036    0.000035
2015   4  15  57127   0.021875   0.414254  -0.5945568   0.0019428   0.000170   0.000098   0.000039   0.000040  0.0000081  0.0000095    0.000036    0.000035
2015   4  16  57128   0.023194   0.415333  -0.5965329   0.0020359   0.000112   0.000081   0.000039   0.000040  0.0000084  0.0000095    0.000036    0.000035
2015   4  17  57129   0.024213   0.416970  -0.5985428   0.0019374   0.000054   0.000064   0.000039   0.000040  0.0000087  0.0000095    0.000036    0.000035
2015   4  18  57130   0.025233   0.417892  -0.6004369   0.0018167   0.000138   0.000036   0.000039   0.000040  0.0000150  0.0000095    0.000036    0.000035
2015   4  19  57131   0.026174   0.418968  -0.6021849   0.0016324   0.000217   0.000084   0.000039   0.000040  0.0000162  0.0000095    0.000036    0.000035
2015   4  20  57132   0.027094   0.419708  -0.6037249   0.0014182   0.000215   0.000171   0.000039   0.000040  0.0000124  0.0000094    0.000036    0.000035
2015   4  21  57133   0.028005   0.420919  -0.6050505   0.0012008   0.000190   0.000218   0.000039   0.000040  0.0000079  0.0000094    0.000036    0.000035
2015   4  22  57134   0.028855   0.421738  -0.6061816   0.0010388   0.000178   0.000229   0.000039   0.000040  0.0000310  0.0000094    0.000037    0.000035
2015   4  23  57135   0.030091   0.422514  -0.6072056   0.0010055   0.000170   0.000229   0.000039   0.000040  0.0000485  0.0000094    0.000037    0.000036
2015   4  24  57136   0.031146   0.423867  -0.6082140   0.0010083   0.000168   0.000220   0.000039   0.000040  0.0000178  0.0000094    0.000037    0.000036
2015   4  25  57137   0.032038   0.425089  -0.6092759   0.0011117   0.000254   0.000174   0.000039   0.000040  0.0000130  0.0000093    0.000037    0.000037
2015   4  26  57138   0.033500   0.426243  -0.6104401   0.0012049   0.000341   0.000183   0.000039   0.000040  0.0000137  0.0000093    0.000038    0.000037
2015   4  27  57139   0.035296   0.427761  -0.6116831   0.0012912   0.000357   0.000200   0.000039   0.000040  0.0000102  0.0000093    0.000038    0.000038
2015   4  28  57140   0.036872   0.429343  -0.6129919   0.0013206   0.000333   0.000161   0.000039   0.000040  0.0000057  0.0000093    0.000038    0.000038
2015   4  29  57141   0.038124   0.430575  -0.6143441   0.0013883   0.000285   0.000122   0.000039   0.000040  0.0000053  0.0000093    0.000038    0.000038
2015   4  30  57142   0.038959   0.431577  -0.6157300   0.0014155   0.000229   0.000082   0.000039   0.000040  0.0000061  0.0000093    0.000038    0.000039
2015   5   1  57143   0.039789   0.432347  -0.6171285   0.0013919   0.000162   0.000050   0.000039   0.000041  0.0000104  0.0000092    0.000038    0.000039
2015   5   2  57144   0.040039   0.433233  -0.6185091   0.0013384   0.000161   0.000050   0.000039   0.000041  0.0000160  0.0000092    0.000039    0.000040
2015   5   3  57145   0.040200   0.434149  -0.6197799   0.0012373   0.000189   0.000061   0.000039   0.000041  0.0000186  0.0000092    0.000039    0.000040
2015   5   4  57146   0.040717   0.435545  -0.6209594   0.0011577   0.000217   0.000073   0.000039   0.000041  0.0000166  0.0000092    0.000039    0.000040
2015   5   5  57147   0.041544   0.436949  -0.6220701   0.0010663   0.000245   0.000085   0.000039   0.000041  0.0000131  0.0000092    0.000039    0.000041
2015   5   6  57148   0.042196   0.438368  -0.6231067   0.0010071   0.000090   0.000130   0.000039   0.000041  0.0000203  0.0000092    0.000039    0.000041
2015   5   7  57149   0.043412   0.439605  -0.6241126   0.0010321   0.000050   0.000096   0.000039   0.000041  0.0000255  0.0000092    0.000039    0.000042
2015   5   8  57150   0.045034   0.440906  -0.6251602   0.0010707   0.000148   0.000095   0.000039   0.000041  0.0000120  0.0000091    0.000039    0.000042
2015   5   9  57151   0.047080   0.442215  -0.6262808   0.0011909   0.000217   0.000239   0.000039   0.000041  0.0000240  0.0000091    0.000039    0.000042
2015   5  10  57152   0.048996   0.443710  -0.6275273   0.0013281   0.000246   0.000319   0.000039   0.000041  0.0000237  0.0000091    0.000039    0.000042
2015   5  11  57153   0.050576   0.444633  -0.6289633   0.0015309   0.000243   0.000218   0.000039   0.000041  0.0000149  0.0000091    0.000039    0.000042
2015   5  12  57154   0.052150   0.445111  -0.6305941   0.0017303   0.000225   0.000046   0.000039   0.000041  0.0000073  0.0000091    0.000039    0.000042
2015   5  13  57155   0.053755   0.445640  -0.6323609   0.0018279   0.000279  -0.000072   0.000039   0.000041  0.0000061  0.0000090    0.000039    0.000042
2015   5  14  57156   0.055421   0.446067  -0.6342359   0.0018796   0.000258  -0.000057   0.000039   0.000041  0.0000067  0.0000090    0.000039    0.000042
2015   5  15  57157   0.057188   0.446859  -0.6361499   0.0019234   0.000167   0.000031   0.000039   0.000041  0.0000073  0.0000090    0.000039    0.000042
2015   5  16  57158   0.059002   0.447116  -0.6380194   0.0017868   0.000195   0.000054   0.000039   0.000041  0.0000078  0.0000090    0.000038    0.000042
2015   5  17  57159   0.061366   0.447256  -0.6397679   0.0016472   0.000316   0.000056   0.000039   0.000041  0.0000083  0.0000089    0.000038    0.000042
2015   5  18  57160   0.063768   0.448162  -0.6413505   0.0014927   0.000366   0.000118   0.000039   0.000041  0.0000087  0.0000089    0.000038    0.000042
2015   5  19  57161   0.065714   0.448969  -0.6427619   0.0013664   0.000300   0.000235   0.000039   0.000041  0.0000092  0.0000089    0.000038    0.000041
2015   5  20  57162   0.067868   0.449294  -0.6440787   0.0012620   0.000353   0.000290   0.000039   0.000041  0.0000169  0.0000089    0.000037    0.000041
2015   5  21  57163   0.069986   0.449474  -0.6452950   0.0011669   0.000381   0.000243   0.000039   0.000041  0.0000217  0.0000089    0.000037    0.000041
2015   5  22  57164   0.071737   0.449523  -0.6464116   0.0010972   0.000265   0.000143   0.000040   0.000041  0.0000087  0.0000088    0.000036    0.000040
2015   5  23  57165   0.073918   0.449803  -0.6475071   0.0010969   0.000230   0.000101   0.000040   0.000041  0.0000210  0.0000088    0.000036    0.000039
2015   5  24  57166   0.075693   0.450726  -0.6485679   0.0010307   0.000239   0.000082   0.000040   0.000041  0.0000259  0.0000088    0.000035    0.000039
2015   5  25  57167   0.077406   0.451246  -0.6495972   0.0010334   0.000248   0.000064   0.000040   0.000041  0.0000209  0.0000088    0.000035    0.000038
2015   5  26  57168   0.079196   0.452110  -0.6506220   0.0010343   0.000258   0.000046   0.000040   0.000041  0.0000153  0.0000088    0.000034    0.000037
2015   5  27  57169   0.080922   0.452648  -0.6516442   0.0010174   0.000267   0.000027   0.000040   0.000041  0.0000096  0.0000088    0.000034    0.000037
2015   5  28  57170   0.083022   0.453257  -0.6526740   0.0010404   0.000235   0.000009   0.000040   0.000041  0.0000092  0.0000088    0.000034    0.000036
2015   5  29  57171   0.085102   0.453918  -0.6536724   0.0009864   0.000192  -0.000010   0.000040   0.000041  0.0000101  0.0000087    0.000033    0.000036
2015   5  30  57172   0.087207   0.454653  -0.6545748   0.0009111   0.000183  -0.000020   0.000040   0.000041  0.0000298  0.0000087    0.000033    0.000035
2015   5  31  57173   0.089062   0.455462  -0.6554604   0.0008119   0.000187  -0.000028   0.000040   0.000041  0.0000310  0.0000087    0.000033    0.000035
2015   6   1  57174   0.091020   0.456028  -0.6562478   0.0007370   0.000191   0.000001   0.000040   0.000041  0.0000190  0.0000087    0.000032    0.000034
2015   6   2  57175   0.092379   0.456502  -0.6569312   0.0006753   0.000197   0.000064   0.000040   0.000041  0.0000067  0.0000087    0.000032    0.000034
2015   6   3  57176   0.093209   0.456907  -0.6575803   0.0006416   0.000287  -0.000026   0.000040   0.000041  0.0000205  0.0000087    0.000032    0.000034
2015   6   4  57177   0.093765   0.457088  -0.6582044   0.0006207   0.000236  -0.000090   0.000040   0.000041  0.0000323  0.0000087    0.000031    0.000033
2015   6   5  57178   0.094807   0.456930  -0.6588364   0.0006772   0.000204  -0.000061   0.000040   0.000041  0.0000106  0.0000087    0.000031    0.000033
2015   6   6  57179   0.096044   0.456852  -0.6595758   0.0008004   0.000249  -0.000027   0.000040   0.000041  0.0000214  0.0000087    0.000031    0.000033
2015   6   7  57180   0.096631   0.456717  -0.6604105   0.0009103   0.000160   0.000051   0.000040   0.000041  0.0000276  0.0000087    0.000031    0.000033
2015   6   8  57181   0.097074   0.456127  -0.6613568   0.0010386   0.000158   0.000046   0.000040   0.000041  0.0000277  0.0000087    0.000031    0.000033
2015   6   9  57182   0.098010   0.455627  -0.6624113   0.0010804   0.000217  -0.000001   0.000040   0.000041  0.0000198  0.0000087    0.000031    0.000033
2015   6  10  57183   0.099021   0.455357  -0.6635178   0.0010382   0.000276  -0.000049   0.000040   0.000041  0.0000077  0.0000087    0.000031    0.000033
2015   6  11  57184   0.100404   0.455235  -0.6645587   0.0010035   0.000288  -0.000049   0.000040   0.000041  0.0000055  0.0000087    0.000031    0.000033
2015   6  12  57185   0.102261   0.455187  -0.6655042   0.0009009   0.000246  -0.000068   0.000040   0.000041  0.0000059  0.0000087    0.000031    0.000033
2015   6  13  57186   0.104595   0.454965  -0.6663060   0.0007463   0.000188  -0.000101   0.000040   0.000041  0.0000329  0.0000087    0.000031    0.000033
2015   6  14  57187   0.107193   0.454709  -0.6669671   0.0005545   0.000146  -0.000178   0.000040   0.000041  0.0000382  0.0000087    0.000031    0.000033
2015   6  15  57188   0.109902   0.454492  -0.6674415   0.0003893   0.000166  -0.000146   0.000040   0.000041  0.0000274  0.0000087    0.000031    0.000033
2015   6  16  57189   0.112539   0.454093  -0.6677659   0.0002901   0.000208  -0.000062   0.000040   0.000041  0.0000164  0.0000087    0.000031    0.000034
2015   6  17  57190   0.114992   0.453650  -0.6679851   0.0001969   0.000264  -0.000063   0.000040   0.000041  0.0000153  0.0000087    0.000031    0.000034
2015   6  18  57191   0.117012   0.453424  -0.6681826   0.0001943   0.000284  -0.000067   0.000040   0.000041  0.0000167  0.0000087    0.000031    0.000034
2015   6  19  57192   0.119054   0.453240  -0.6684352   0.0003184   0.000249  -0.000040   0.000040   0.000041  0.0000170  0.0000087    0.000031    0.000033
2015   6  20  57193   0.121221   0.453030  -0.6688172   0.0004046   0.000287  -0.000001   0.000040   0.000041  0.0000188  0.0000087    0.000031    0.000033
2015   6  21  57194   0.123066   0.453006  -0.6692903   0.0005299   0.000294  -0.000007   0.000040   0.000041  0.0000268  0.0000087    0.000031    0.000033
2015   6  22  57195   0.125018   0.452941  -0.6698768   0.0006041   0.000271  -0.000022   0.000040   0.000041  0.0000182  0.0000087    0.000031    0.000033
2015   6  23  57196   0.127019   0.452379  -0.6705553   0.0006953   0.000228  -0.000010   0.000040   0.000041  0.0000058  0.0000087    0.000031    0.000033
2015   6  24  57197   0.129112   0.451992  -0.6713150   0.0008057   0.000204   0.000027   0.000040   0.000041  0.0000083  0.0000087    0.000031    0.000033
2015   6  25  57198   0.131408   0.451564  -0.6721249   0.0008098   0.000209  -0.000013   0.000040   0.000041  0.0000123  0.0000087    0.000031    0.000033
2015   6  26  57199   0.133996   0.451194  -0.6729622   0.0008132   0.000197  -0.000051   0.000040   0.000041  0.0000076  0.0000087    0.000031    0.000033
2015   6  27  57200   0.136123   0.450900  -0.6738120   0.0008241   0.000200  -0.000103   0.000040   0.000041  0.0000369  0.0000087    0.000031    0.000033
2015   6  28  57201   0.137844   0.450492  -0.6746323   0.0007879   0.000211  -0.000164   0.000040   0.000041  0.0000353  0.0000087    0.000031    0.000033
2015   6  29  57202   0.139412   0.449703  -0.6753621   0.0006911   0.000210  -0.000174   0.000040   0.000041  0.0000201  0.0000087    0.000031    0.000033
2015   6  30  57203   0.140756   0.448901  -0.6760316   0.0005964   0.000198  -0.000132   0.000040   0.000041  0.0000088  0.0000087    0.000030    0.000032
2015   7   1  57204   0.142127   0.448194   0.3233730   0.0005810   0.000201  -0.000136   0.000040   0.000041  0.0000059  0.0000087    0.000030    0.000032
2015   7   2  57205   0.143562   0.447358   0.3227664   0.0006338   0.000207  -0.000152   0.000039   0.000041  0.0000052  0.0000087    0.000030    0.000032
2015   7   3  57206   0.145001   0.446688   0.3220722   0.0007374   0.000204  -0.000150   0.000039   0.000041  0.0000165  0.0000087    0.000030    0.000032
2015   7   4  57207   0.146503   0.445636   0.3212454   0.0009120   0.000202  -0.000148   0.000039   0.000040  0.0000323  0.0000087    0.000030    0.000031
2015   7   5  57208   0.148539   0.444658   0.3202267   0.0011193   0.000199  -0.000145   0.000039   0.000040  0.0000302  0.0000087    0.000030    0.000031
2015   7   6  57209   0.150847   0.444056   0.3190425   0.0012351   0.000197  -0.000142   0.000039   0.000040  0.0000191  0.0000087    0.000030    0.000031
2015   7   7  57210   0.152801   0.443836   0.3177556   0.0013021   0.000194  -0.000139   0.000039   0.000040  0.0000080  0.0000087    0.000030    0.000031
2015   7   8  57211   0.154840   0.443816   0.3164239   0.0013532   0.000191  -0.000146   0.000039   0.000040  0.0000178  0.0000087    0.000030    0.000030
2015   7   9  57212   0.156741   0.443548   0.3151156   0.0012911   0.000188  -0.000155   0.000039   0.000040  0.0000270  0.0000087    0.000030    0.000030
2015   7  10  57213   0.158507   0.442868   0.3138523   0.0011784   0.000185  -0.000164   0.000039   0.000040  0.0000131  0.0000087    0.000030    0.000030
2015   7  11  57214   0.160488   0.441819   0.3127139   0.0010265   0.000176  -0.000154   0.000039   0.000040  0.0000373  0.0000087    0.000030    0.000030
2015   7  12  57215   0.162914   0.440601   0.3118151   0.0008439   0.000166  -0.000137   0.000039   0.000040  0.0000353  0.0000087    0.000030    0.000030
2015   7  13  57216   0.165633   0.439462   0.3111205   0.0006366   0.000155  -0.000120   0.000039   0.000040  0.0000197  0.0000087    0.000030    0.000030
2015   7  14  57217   0.168192   0.438530   0.3105539   0.0004972   0.000145  -0.000103   0.000039   0.000040  0.0000073  0.0000087    0.000030    0.000030
2015   7  15  57218   0.170379   0.437604   0.3101367   0.0004294   0.000218  -0.000146   0.000039   0.000040  0.0000197  0.0000087    0.000030    0.000030
2015   7  16  57219   0.172151   0.436384   0.3097491   0.0004372   0.000198  -0.000093   0.000039   0.000040  0.0000310  0.0000087    0.000030    0.000030
2015   7  17  57220   0.173761   0.434958   0.3092665   0.0004466   0.000206  -0.000069   0.000039   0.000040  0.0000134  0.0000087    0.000030    0.000030
2015   7  18  57221   0.175689   0.433910   0.3087877   0.0004831   0.000219  -0.000100   0.000039   0.000040  0.0000246  0.0000087    0.000030    0.000030
2015   7  19  57222   0.177368   0.432910   0.3083295   0.0004740   0.000226  -0.000143   0.000039   0.000040  0.0000269  0.0000087    0.000030    0.000030
2015   7  20  57223   0.178840   0.432093   0.3078466   0.0004895   0.000233  -0.000186   0.000039   0.000040  0.0000185  0.0000087    0.000029    0.000030
2015   7  21  57224   0.180085   0.431388   0.3073386   0.0005077   0.000239  -0.000229   0.000039   0.000040  0.0000098  0.0000087    0.000029    0.000030
2015   7  22  57225   0.181025   0.430441   0.3068129   0.0005295   0.000189  -0.000218   0.000039   0.000040  0.0000073  0.0000088    0.000029    0.000030
2015   7  23  57226   0.181986   0.429582   0.3062979   0.0005119   0.000124  -0.000192   0.000039   0.000040  0.0000064  0.0000088    0.000030    0.000030
2015   7  24  57227   0.182964   0.428822   0.3058125   0.0004754   0.000059  -0.000166   0.000039   0.000040  0.0000055  0.0000088    0.000030    0.000030
2015   7  25  57228   0.184454   0.427926   0.3053051   0.0004889   0.000079  -0.000163   0.000039   0.000040  0.0000191  0.0000088    0.000030    0.000030
2015   7  26  57229   0.185816   0.426848   0.3048779   0.0004395   0.000131  -0.000169   0.000039   0.000040  0.0000359  0.0000088    0.000030    0.000030
2015   7  27  57230   0.187240   0.425462   0.3044913   0.0003941   0.000182  -0.000174   0.000039   0.000040  0.0000298  0.0000088    0.000029    0.000030
2015   7  28  57231   0.189193   0.424118   0.3041009   0.0003808   0.000234  -0.000179   0.000039   0.000040  0.0000127  0.0000088    0.000029    0.000030
2015   7  29  57232   0.191113   0.423023   0.3037083   0.0004169   0.000204  -0.000193   0.000039   0.000040  0.0000207  0.0000088    0.000030    0.000030
2015   7  30  57233   0.192901   0.421615   0.3032419   0.0005372   0.000154  -0.000210   0.000039   0.000040  0.0000270  0.0000089    0.000030    0.000030
2015   7  31  57234   0.194568   0.420239   0.3026413   0.0006923   0.000103  -0.000226   0.000039   0.000040  0.0000130  0.0000089    0.000030    0.000030
2015   8   1  57235   0.196269   0.418716   0.3018647   0.0008805   0.000010  -0.000246   0.000039   0.000040  0.0000289  0.0000089    0.000030    0.000030
2015   8   2  57236   0.198073   0.417383   0.3008636   0.0010813  -0.000098  -0.000267   0.000039   0.000040  0.0000332  0.0000089    0.000030    0.000030
2015   8   3  57237   0.200058   0.415892   0.2997053   0.0011937  -0.000206  -0.000288   0.000039   0.000040  0.0000214  0.0000090    0.000030    0.000030
2015   8   4  57238   0.202147   0.414654   0.2984615   0.0012601  -0.000314  -0.000308   0.000039   0.000040  0.0000130  0.0000090    0.000030    0.000030
2015   8   5  57239   0.204545   0.413509   0.2972126   0.0012289   0.000054  -0.000218   0.000039   0.000040  0.0000101  0.0000090    0.000030    0.000030
2015   8   6  57240   0.206882   0.412321   0.2960421   0.0011261   0.000102  -0.000173   0.000039   0.000040  0.0000086  0.0000090    0.000029    0.000030
2015   8   7  57241   0.208706   0.411162   0.2950026   0.0009620   0.000066  -0.000141   0.000039   0.000040  0.0000075  0.0000091    0.000029    0.000029
2015   8   8  57242   0.209991   0.410135   0.2941224   0.0008258   0.000058  -0.000138   0.000039   0.000040  0.0000110  0.0000091    0.000029    0.000029
2015   8   9  57243   0.210591   0.408583   0.2933769   0.0007054   0.000060  -0.000145   0.000039   0.000040  0.0000163  0.0000091    0.000029    0.000029
2015   8  10  57244   0.211260   0.406666   0.2927241   0.0006097   0.000062  -0.000152   0.000039   0.000040  0.0000216  0.0000091    0.000029    0.000029
2015   8  11  57245   0.212044   0.404959   0.2921203   0.0005542   0.000064  -0.000159   0.000039   0.000040  0.0000218  0.0000091    0.000029    0.000029
2015   8  12  57246   0.212698   0.403420   0.2915253   0.0005903   0.000066  -0.000166   0.000039   0.000040  0.0000073  0.0000091    0.000029    0.000029
2015   8  13  57247   0.213666   0.401462   0.2908846   0.0006606   0.000100  -0.000174   0.000039   0.000040  0.0000051  0.0000091    0.000029    0.000029
2015   8  14  57248   0.215302   0.399612   0.2901864   0.0007481   0.000141  -0.000182   0.000039   0.000040  0.0000061  0.0000091    0.000029    0.000029
2015   8  15  57249   0.217012   0.398044   0.2894182   0.0007832   0.000155  -0.000175   0.000039   0.000040  0.0000249  0.0000091    0.000029    0.000029
2015   8  16  57250   0.218438   0.396851   0.2886155   0.0008057   0.000158  -0.000162   0.000039   0.000040  0.0000225  0.0000092    0.000029    0.000029
2015   8  17  57251   0.219447   0.395513   0.2877733   0.0008469   0.000162  -0.000149   0.000039   0.000040  0.0000141  0.0000092    0.000029    0.000029
2015   8  18  57252   0.219906   0.394072   0.2869278   0.0008121   0.000165  -0.000136   0.000039   0.000040  0.0000127  0.0000092    0.000029    0.000029
2015   8  19  57253   0.219403   0.392400   0.2861171   0.0008006   0.000152  -0.000157   0.000039   0.000040  0.0000161  0.0000092    0.000029    0.000029
2015   8  20  57254   0.219408   0.390472   0.2852742   0.0008118   0.000135  -0.000187   0.000039   0.000040  0.0000123  0.0000092    0.000029    0.000029
2015   8  21  57255   0.219978   0.388524   0.2844624   0.0008384   0.000118  -0.000217   0.000039   0.000040  0.0000085  0.0000092    0.000030    0.000029
2015   8  22  57256   0.221210   0.386466   0.2836407   0.0008121   0.000114  -0.000200   0.000039   0.000040  0.0000129  0.0000092    0.000030    0.000030
2015   8  23  57257   0.222207   0.384690   0.2828758   0.0007589   0.000114  -0.000164   0.000039   0.000040  0.0000247  0.0000093    0.000030    0.000030
2015   8  24  57258   0.223045   0.382854   0.2821117   0.0007865   0.000114  -0.000129   0.000039   0.000040  0.0000210  0.0000093    0.000030    0.000030
2015   8  25  57259   0.224034   0.381145   0.2813070   0.0008454   0.000115  -0.000094   0.000039   0.000040  0.0000085  0.0000093    0.000030    0.000030
2015   8  26  57260   0.225332   0.379202   0.2804470   0.0009214   0.000077  -0.000199   0.000039   0.000040  0.0000165  0.0000093    0.000030    0.000031
2015   8  27  57261   0.226008   0.377222   0.2794739   0.0010307   0.000126  -0.000273   0.000039   0.000040  0.0000220  0.0000093    0.000031    0.000031
2015   8  28  57262   0.226101   0.374951   0.2783470   0.0012168   0.000168  -0.000270   0.000039   0.000040  0.0000085  0.0000093    0.000031    0.000031
2015   8  29  57263   0.226099   0.373246   0.2770184   0.0013967   0.000149  -0.000258   0.000039   0.000040  0.0000212  0.0000093    0.000031    0.000031
2015   8  30  57264   0.225941   0.371908   0.2755072   0.0016063   0.000112  -0.000250   0.000039   0.000040  0.0000291  0.0000093    0.000031    0.000031
2015   8  31  57265   0.226057   0.370658   0.2737918   0.0017501   0.000074  -0.000242   0.000039   0.000040  0.0000219  0.0000093    0.000031    0.000031
2015   9   1  57266   0.226121   0.369720   0.2719870   0.0018078   0.000037  -0.000234   0.000039   0.000040  0.0000108  0.0000093    0.000031    0.000031
2015   9   2  57267   0.226209   0.368722   0.2701948   0.0017411   0.000007  -0.000369   0.000039   0.000040  0.0000163  0.0000093    0.000031    0.000031
2015   9   3  57268   0.226590   0.367259   0.2685232   0.0015876   0.000018  -0.000318   0.000038   0.000040  0.0000215  0.0000094    0.000031    0.000031
2015   9   4  57269   0.227390   0.365681   0.2670339   0.0014125   0.000040  -0.000200   0.000038   0.000040  0.0000086  0.0000094    0.000031    0.000031
2015   9   5  57270   0.227896   0.364643   0.2657100   0.0012820   0.000081  -0.000176   0.000038   0.000040  0.0000213  0.0000094    0.000031    0.000031
2015   9   6  57271   0.227920   0.363363   0.2644765   0.0011837   0.000129  -0.000186   0.000038   0.000040  0.0000270  0.0000094    0.000031    0.000031
2015   9   7  57272   0.228074   0.361846   0.2633555   0.0011191   0.000177  -0.000197   0.000038   0.000040  0.0000283  0.0000094    0.000031    0.000031
2015   9   8  57273   0.227866   0.360285   0.2623086   0.0010497   0.000226  -0.000207   0.000038   0.000040  0.0000200  0.0000094    0.000031    0.000031
2015   9   9  57274   0.227444   0.358375   0.2612617   0.0010483   0.000158  -0.000215   0.000038   0.000040  0.0000065  0.0000094    0.000031    0.000030
2015   9  10  57275   0.226624   0.356478   0.2602228   0.0010437   0.000087  -0.000210   0.000038   0.000040  0.0000045  0.0000094    0.000031    0.000030
2015   9  11  57276   0.225631   0.354602   0.2591434   0.0010881   0.000037  -0.000182   0.000038   0.000040  0.0000056  0.0000095    0.000031    0.000030
2015   9  12  57277   0.224839   0.352343   0.2579439   0.0012109   0.000023  -0.000172   0.000038   0.000040  0.0000274  0.0000095    0.000030    0.000030
2015   9  13  57278   0.224801   0.350371   0.2566794   0.0013051   0.000020  -0.000170   0.000038   0.000040  0.0000310  0.0000095    0.000030    0.000029
2015   9  14  57279   0.224778   0.348415   0.2553711   0.0013343   0.000016  -0.000168   0.000038   0.000040  0.0000196  0.0000095    0.000030    0.000029
2015   9  15  57280   0.224615   0.346578   0.2540437   0.0013117   0.000013  -0.000167   0.000038   0.000040  0.0000071  0.0000095    0.000030    0.000029
2015   9  16  57281   0.224248   0.345228   0.2527679   0.0012563   0.000011  -0.000149   0.000038   0.000040  0.0000051  0.0000095    0.000030    0.000028
2015   9  17  57282   0.223519   0.343771   0.2515283   0.0012156   0.000009  -0.000127   0.000038   0.000040  0.0000058  0.0000095    0.000030    0.000028
2015   9  18  57283   0.222416   0.342352   0.2503235   0.0011790   0.000007  -0.000105   0.000037   0.000040  0.0000066  0.0000095    0.000030    0.000028
2015   9  19  57284   0.221373   0.340446   0.2491320   0.0011827   0.000018  -0.000097   0.000037   0.000040  0.0000147  0.0000095    0.000030    0.000028
2015   9  20  57285   0.220488   0.338505   0.2479621   0.0011859   0.000032  -0.000094   0.000037   0.000040  0.0000206  0.0000095    0.000030    0.000028
2015   9  21  57286   0.219418   0.336309   0.2467769   0.0012116   0.000047  -0.000092   0.000037   0.000040  0.0000160  0.0000095    0.000030    0.000028
2015   9  22  57287   0.218754   0.334077   0.2455414   0.0012961   0.000061  -0.000089   0.000037   0.000040  0.0000073  0.0000095    0.000030    0.000028
2015   9  23  57288   0.218274   0.332070   0.2442125   0.0013747   0.000065  -0.000142   0.000036   0.000040  0.0000135  0.0000095    0.000030    0.000028
2015   9  24  57289   0.218105   0.329985   0.2427581   0.0014843   0.000065  -0.000208   0.000036   0.000040  0.0000191  0.0000095    0.000030    0.000029
2015   9  25  57290   0.218080   0.328259   0.2411888   0.0016979   0.000065  -0.000275   0.000036   0.000040  0.0000079  0.0000095    0.000030    0.000029
2015   9  26  57291   0.218193   0.326800   0.2393644   0.0019386   0.000093  -0.000105   0.000036   0.000040  0.0000177  0.0000095    0.000030    0.000029
2015   9  27  57292   0.217654   0.325182   0.2373373   0.0020936   0.000081  -0.000007   0.000036   0.000040  0.0000181  0.0000095    0.000030    0.000029
2015   9  28  57293   0.216334   0.323550   0.2352195   0.0021247   0.000021  -0.000066   0.000037   0.000040  0.0000109  0.0000095    0.000030    0.000028
2015   9  29  57294   0.214312   0.321277   0.2331201   0.0020573  -0.000039  -0.000126   0.000037   0.000040  0.0000041  0.0000095    0.000030    0.000028
2015   9  30  57295   0.212079   0.318788   0.2311442   0.0019025  -0.000111  -0.000091   0.000037   0.000040  0.0000186  0.0000094    0.000030    0.000028
2015  10   1  57296   0.210115   0.315962   0.2293614   0.0016842  -0.000072  -0.000122   0.000037   0.000040  0.0000303  0.0000094    0.000029    0.000028
2015  10   2  57297   0.209323   0.313734   0.2278130   0.0014153   0.000002  -0.000182   0.000037   0.000040  0.0000105  0.0000094    0.000029    0.000028
2015  10   3  57298   0.209265   0.312006   0.2264607   0.0012736   0.000028  -0.000173   0.000037   0.000040  0.0000198  0.0000094    0.000029    0.000028
2015  10   4  57299   0.209005   0.310109   0.2252193   0.0012311   0.000038  -0.000140   0.000037   0.000040  0.0000248  0.0000094    0.000029    0.000027
2015  10   5  57300   0.208601   0.307991   0.2239927   0.0012466   0.000047  -0.000107   0.000037   0.000040  0.0000172  0.0000093    0.000029    0.000027
2015  10   6  57301   0.208149   0.306281   0.2227439   0.0013024   0.000057  -0.000073   0.000037   0.000040  0.0000071  0.0000093    0.000029    0.000027
2015  10   7  57302   0.207375   0.304666   0.2214187   0.0013588  -0.000034  -0.000119   0.000037   0.000040  0.0000159  0.0000093    0.000029    0.000027
2015  10   8  57303   0.206673   0.303281   0.2200277   0.0013979   0.000022  -0.000152   0.000037   0.000040  0.0000236  0.0000093    0.000029    0.000027
2015  10   9  57304   0.205782   0.302045   0.2186087   0.0014613   0.000129  -0.000174   0.000037   0.000040  0.0000082  0.0000092    0.000029    0.000027
2015  10  10  57305   0.204276   0.300741   0.2170719   0.0015849   0.000128  -0.000174   0.000037   0.000040  0.0000132  0.0000092    0.000028    0.000026
2015  10  11  57306   0.202050   0.299171   0.2154596   0.0016419   0.000127  -0.000173   0.000037   0.000040  0.0000150  0.0000092    0.000028    0.000026
2015  10  12  57307   0.199937   0.297475   0.2138063   0.0016621   0.000127  -0.000172   0.000037   0.000040  0.0000198  0.0000092    0.000028    0.000026
2015  10  13  57308   0.197933   0.295795   0.2121604   0.0016252   0.000126  -0.000171   0.000037   0.000040  0.0000157  0.0000091    0.000028    0.000026
2015  10  14  57309   0.195960   0.294054   0.2105428   0.0015690   0.000125  -0.000170   0.000037   0.000040  0.0000057  0.0000091    0.000028    0.000026
2015  10  15  57310   0.193973   0.292087   0.2090434   0.0014527   0.000096  -0.000143   0.000037   0.000040  0.0000045  0.0000091    0.000028    0.000026
2015  10  16  57311   0.192073   0.290384   0.2076127   0.0013854   0.000059  -0.000109   0.000037   0.000040  0.0000056  0.0000091    0.000028    0.000026
2015  10  17  57312   0.190031   0.288956   0.2061891   0.0014458   0.000037  -0.000107   0.000037   0.000040  0.0000081  0.0000090    0.000027    0.000026
2015  10  18  57313   0.188309   0.287256   0.2047354   0.0015338   0.000021  -0.000117   0.000037   0.000040  0.0000169  0.0000090    0.000027    0.000025
2015  10  19  57314   0.186830   0.285661   0.2032274   0.0015544   0.000005  -0.000127   0.000037   0.000040  0.0000143  0.0000090    0.000027    0.000025
2015  10  20  57315   0.185734   0.284268   0.2016548   0.0015483  -0.000011  -0.000137   0.000038   0.000040  0.0000047  0.0000090    0.000027    0.000025
2015  10  21  57316   0.184796   0.283258   0.2000859   0.0015983  -0.000001  -0.000150   0.000038   0.000040  0.0000042  0.0000090    0.000027    0.000025
2015  10  22  57317   0.183750   0.282419   0.1983957   0.0017636   0.000015  -0.000164   0.000038   0.000040  0.0000061  0.0000090    0.000027    0.000026
2015  10  23  57318   0.182457   0.281561   0.1965255   0.0019671   0.000032  -0.000179   0.000038   0.000040  0.0000080  0.0000090    0.000027    0.000026
2015  10  24  57319   0.180741   0.280341   0.1944588   0.0021294   0.000023  -0.000163   0.000038   0.000040  0.0000339  0.0000090    0.000027    0.000026
2015  10  25  57320   0.179087   0.278953   0.1922366   0.0022674   0.000004  -0.000136   0.000038   0.000040  0.0000369  0.0000090    0.000027    0.000026
2015  10  26  57321   0.178033   0.277787   0.1899316   0.0023240  -0.000015  -0.000110   0.000038   0.000040  0.0000219  0.0000089    0.000027    0.000026
2015  10  27  57322   0.177413   0.276646   0.1876564   0.0022558  -0.000034  -0.000083   0.000038   0.000040  0.0000060  0.0000089    0.000027    0.000026
2015  10  28  57323   0.176411   0.275698   0.1854603   0.0021072  -0.000043  -0.000076   0.000038   0.000040  0.0000093  0.0000089    0.000027    0.000026
2015  10  29  57324   0.174571   0.275037   0.1834430   0.0019115  -0.000049  -0.000075   0.000038   0.000040  0.0000147  0.0000089    0.000027    0.000026
2015  10  30  57325   0.171913   0.274124   0.1816532   0.0017204  -0.000055  -0.000074   0.000038   0.000040  0.0000086  0.0000089    0.000027    0.000026
2015  10  31  57326   0.168767   0.272504   0.1800455   0.0015679  -0.000048  -0.000073   0.000038   0.000040  0.0000092  0.0000089    0.000027    0.000027
2015  11   1  57327   0.166102   0.270756   0.1785271   0.0014978  -0.000036  -0.000074   0.000038   0.000040  0.0000093  0.0000089    0.000027    0.000027
2015  11   2  57328   0.164164   0.269336   0.1770174   0.0014665  -0.000023  -0.000074   0.000038   0.000040  0.0000219  0.0000089    0.000027    0.000027
2015  11   3  57329   0.162376   0.268477   0.1755891   0.0014161  -0.000011  -0.000074   0.000038   0.000040  0.0000195  0.0000089    0.000027    0.000027
2015  11   4  57330   0.160989   0.267865   0.1741802   0.0014240   0.000001  -0.000075   0.000038   0.000040  0.0000072  0.0000088    0.000027    0.000027
2015  11   5  57331   0.159855   0.267521   0.1727222   0.0014698  -0.000002  -0.000062   0.000038   0.000040  0.0000052  0.0000088    0.000027    0.000027
2015  11   6  57332   0.158045   0.267044   0.1712218   0.0015440  -0.000009  -0.000046   0.000038   0.000040  0.0000060  0.0000088    0.000028    0.000027
2015  11   7  57333   0.155981   0.266166   0.1696517   0.0016072  -0.000015  -0.000056   0.000038   0.000040  0.0000097  0.0000088    0.000028    0.000028
2015  11   8  57334   0.154401   0.265069   0.1680337   0.0016029  -0.000021  -0.000076   0.000038   0.000040  0.0000087  0.0000088    0.000028    0.000028
2015  11   9  57335   0.153131   0.264120   0.1664352   0.0015866  -0.000027  -0.000096   0.000038   0.000040  0.0000110  0.0000088    0.000028    0.000028
2015  11  10  57336   0.151410   0.263461   0.1648736   0.0015325  -0.000032  -0.000117   0.000038   0.000040  0.0000163  0.0000088    0.000028    0.000028
2015  11  11  57337   0.149725   0.262706   0.1633551   0.0014850  -0.000020  -0.000100   0.000038   0.000040  0.0000193  0.0000088    0.000028    0.000028
2015  11  12  57338   0.148063   0.261849   0.1618895   0.0014473  -0.000022  -0.000153   0.000038   0.000040  0.0000189  0.0000088    0.000028    0.000029
2015  11  13  57339   0.146286   0.260988   0.1604744   0.0013727  -0.000044  -0.000124   0.000038   0.000039  0.0000079  0.0000088    0.000028    0.000029
2015  11  14  57340   0.144424   0.260057   0.1590894   0.0013568  -0.000042  -0.000102   0.000038   0.000039  0.0000124  0.0000088    0.000028    0.000029
2015  11  15  57341   0.142668   0.259258   0.1577298   0.0013755  -0.000029  -0.000096   0.000038   0.000039  0.0000109  0.0000088    0.000029    0.000029
2015  11  16  57342   0.140839   0.258822   0.1563511   0.0014358  -0.000017  -0.000089   0.000038   0.000039  0.0000064  0.0000088    0.000029    0.000029
2015  11  17  57343   0.138874   0.258473   0.1549210   0.0014657  -0.000004  -0.000083   0.000038   0.000039  0.0000033  0.0000088    0.000029    0.000028
2015  11  18  57344   0.136905   0.257749   0.1534481   0.0015220  -0.000059   0.000006   0.000038   0.000039  0.0000099  0.0000088    0.000029    0.000029
2015  11  19  57345   0.134535   0.257018   0.1518866   0.0015938  -0.000101  -0.000002   0.000038   0.000039  0.0000152  0.0000088    0.000029    0.000029
2015  11  20  57346   0.132085   0.256178   0.1502557   0.0016779  -0.000068  -0.000176   0.000038   0.000039  0.0000062  0.0000088    0.000029    0.000029
2015  11  21  57347   0.129930   0.255587   0.1484979   0.0017774  -0.000039  -0.000203   0.000038   0.000039  0.0000106  0.0000088    0.000029    0.000029
2015  11  22  57348   0.127901   0.255440   0.1466954   0.0018304  -0.000019  -0.000158   0.000038   0.000039  0.0000102  0.0000088    0.000029    0.000029
2015  11  23  57349   0.125580   0.255259   0.1448629   0.0018344   0.000001  -0.000114   0.000038   0.000039  0.0000087  0.0000087    0.000029    0.000029
2015  11  24  57350   0.123036   0.254725   0.1430745   0.0017535   0.000021  -0.000069   0.000038   0.000039  0.0000092  0.0000087    0.000029    0.000028
2015  11  25  57351   0.120691   0.254103   0.1413786   0.0016550  -0.000031  -0.000075   0.000038   0.000039  0.0000069  0.0000087    0.000029    0.000028
2015  11  26  57352   0.119422   0.254087   0.1398214   0.0015465  -0.000059  -0.000105   0.000038   0.000039  0.0000067  0.0000087    0.000029    0.000028
2015  11  27  57353   0.118458   0.254320   0.1383787   0.0013901  -0.000067  -0.000119   0.000038   0.000039  0.0000076  0.0000087    0.000029    0.000028
2015  11  28  57354   0.117751   0.254358   0.1369969   0.0013537  -0.000073  -0.000125   0.000038   0.000039  0.0000085  0.0000087    0.000029    0.000028
2015  11  29  57355   0.116428   0.254428   0.1355960   0.0014299  -0.000079  -0.000130   0.000038   0.000039  0.0000103  0.0000087    0.000028    0.000028
2015  11  30  57356   0.114569   0.254059   0.1341305   0.0014981  -0.000086  -0.000135   0.000038   0.000039  0.0000081  0.0000087    0.000028    0.000028
2015  12   1  57357   0.112664   0.253828   0.1325921   0.0015792  -0.000092  -0.000141   0.000038   0.000039  0.0000039  0.0000087    0.000028    0.000027
2015  12   2  57358   0.110580   0.253555   0.1309918   0.0016377  -0.000069  -0.000120   0.000038   0.000040  0.0000088  0.0000087    0.000028    0.000027
2015  12   3  57359   0.108713   0.253248   0.1293286   0.0017014  -0.000037  -0.000093   0.000038   0.000040  0.0000139  0.0000087    0.000028    0.000027
2015  12   4  57360   0.107155   0.253293   0.1276232   0.0016930   0.000036  -0.000062   0.000038   0.000040  0.0000104  0.0000087    0.000028    0.000027
2015  12   5  57361   0.105923   0.253126   0.1259459   0.0016636   0.000036  -0.000057   0.000038   0.000040  0.0000077  0.0000087    0.000028    0.000027
2015  12   6  57362   0.104955   0.252928   0.1242876   0.0016503   0.000004  -0.000061   0.000038   0.000040  0.0000105  0.0000087    0.000028    0.000027
2015  12   7  57363   0.103606   0.252731   0.1226034   0.0016810  -0.000029  -0.000065   0.000038   0.000040  0.0000090  0.0000086    0.000028    0.000027
2015  12   8  57364   0.102372   0.252184   0.1209410   0.0016653  -0.000061  -0.000069   0.000038   0.000040  0.0000041  0.0000086    0.000028    0.000027
2015  12   9  57365   0.101135   0.251610   0.1193057   0.0016217  -0.000109  -0.000088   0.000038   0.000040  0.0000037  0.0000086    0.000028    0.000027
2015  12  10  57366   0.099216   0.251255   0.1177301   0.0015634  -0.000148  -0.000104   0.000038   0.000040  0.0000044  0.0000086    0.000028    0.000027
2015  12  11  57367   0.096409   0.250768   0.1162190   0.0014753  -0.000184  -0.000118   0.000038   0.000040  0.0000052  0.0000086    0.000028    0.000027
2015  12  12  57368   0.093842   0.250509   0.1147890   0.0014301  -0.000171  -0.000121   0.000038   0.000040  0.0000092  0.0000085    0.000028    0.000028
2015  12  13  57369   0.091502   0.250520   0.1133847   0.0013892  -0.000140  -0.000121   0.000038   0.000040  0.0000074  0.0000085    0.000028    0.000028
2015  12  14  57370   0.089378   0.250595   0.1119775   0.0014084  -0.000109  -0.000120   0.000038   0.000040  0.0000045  0.0000085    0.000028    0.000028
2015  12  15  57371   0.087121   0.250740   0.1105065   0.0015095  -0.000078  -0.000120   0.000038   0.000040  0.0000028  0.0000085    0.000028    0.000028
2015  12  16  57372   0.085009   0.250349   0.1089304   0.0016321  -0.000224   0.000072   0.000038   0.000040  0.0000206  0.0000085    0.000028    0.000028
2015  12  17  57373   0.083462   0.249879   0.1072276   0.0017403  -0.000223   0.000083   0.000038   0.000040  0.0000371  0.0000085    0.000029    0.000028
2015  12  18  57374   0.082049   0.250132   0.1054034   0.0018793  -0.000117  -0.000111   0.000038   0.000040  0.0000292  0.0000085    0.000029    0.000029
2015  12  19  57375   0.080121   0.250779   0.1034897   0.0019660  -0.000085  -0.000178   0.000038   0.000040  0.0000188  0.0000084    0.000029    0.000029
2015  12  20  57376   0.078021   0.251184   0.1014947   0.0020065  -0.000085  -0.000182   0.000038   0.000040  0.0000160  0.0000084    0.000029    0.000029
2015  12  21  57377   0.075738   0.251428   0.0995085   0.0019283  -0.000085  -0.000185   0.000038   0.000040  0.0000119  0.0000084    0.000029    0.000029
2015  12  22  57378   0.073389   0.251567   0.0976170   0.0018040  -0.000085  -0.000189   0.000038   0.000040  0.0000051  0.0000084    0.000029    0.000029
2015  12  23  57379   0.071317   0.251618   0.0958869   0.0016556   0.000005  -0.000008   0.000038   0.000040  0.0000031  0.0000084    0.000029    0.000029
2015  12  24  57380   0.069043   0.252123   0.0943447   0.0015032   0.000021   0.000047   0.000038   0.000040  0.0000052  0.0000084    0.000029    0.000029
2015  12  25  57381   0.066432   0.253019   0.0929084   0.0014242   0.000001   0.000037   0.000038   0.000040  0.0000084  0.0000084    0.000029    0.000029
2015  12  26  57382   0.063927   0.253405   0.0915019   0.0014033  -0.000019   0.000027   0.000038   0.000039  0.0000116  0.0000084    0.000030    0.000029
2015  12  27  57383   0.061886   0.253809   0.0900897   0.0014386  -0.000039   0.000018   0.000038   0.000039  0.0000161  0.0000084    0.000030    0.000030
2015  12  28  57384   0.059652   0.254404   0.0885825   0.0015334  -0.000059   0.000008   0.000038   0.000040  0.0000133  0.0000084    0.000030    0.000030
2015  12  29  57385   0.057516   0.254957   0.0869674   0.0016433  -0.000079  -0.000002   0.000038   0.000040  0.0000065  0.0000084    0.000030    0.000030
2015  12  30  57386   0.055374   0.255689   0.0852533   0.0017386  -0.000188   0.000052   0.000038   0.000040  0.0000041  0.0000084    0.000030    0.000030
2015  12  31  57387   0.053399   0.256161   0.0834255   0.0018316  -0.000210   0.000056   0.000038   0.000040  0.0000133  0.0000084    0.000030    0.000030
