

                   INTERNATIONAL EARTH ROTATION AND REFERENCE SYSTEMS SERVICE
                        EARTH ORIENTATION PARAMETERS
                          EOP (IERS) 14 C04

  
             FORMAT(3(I4),I7,2(F11.6),2(F12.7),2(F11.6),2(F11.6),2(F11.7),2(F12.6))
##################################################################################
  
      Date      MJD      x          y        UT1-UTC       LOD         dPsi      dEps       x Err     y Err   UT1-UTC Err  LOD Err    dPsi Err   dEpsilon Err
                         "          "           s           s            "         "        "          "          s           s            "         "
     (0h UTC)

2019   1   1  58484   0.086360   0.271107  -0.0361345   0.0009196  -0.107515  -0.007255   0.000058   0.000040  0.0000152  0.0000130    0.000309    0.000180
2019   1   2  58485   0.084450   0.272019  -0.0370076   0.0008103  -0.107755  -0.007288   0.000059   0.000040  0.0000153  0.0000131    0.000312    0.000184
2019   1   3  58486   0.081750   0.272569  -0.0377478   0.0006117  -0.106818  -0.007354   0.000058   0.000040  0.0000109  0.0000132    0.000282    0.000134
2019   1   4  58487   0.079016   0.272577  -0.0382792   0.0004701  -0.106696  -0.007413   0.000058   0.000040  0.0000108  0.0000132    0.000266    0.000134
2019   1   5  58488   0.076411   0.272536  -0.0387496   0.0004125  -0.106463  -0.007515   0.000059   0.000040  0.0000142  0.0000133    0.000271    0.000139
2019   1   6  58489   0.074159   0.272895  -0.0391547   0.0003598  -0.106218  -0.007620   0.000058   0.000040  0.0000139  0.0000130    0.000277    0.000144
2019   1   7  58490   0.072162   0.273364  -0.0394760   0.0003132  -0.105962  -0.007639   0.000058   0.000040  0.0000129  0.0000131    0.000211    0.000085
2019   1   8  58491   0.071062   0.273800  -0.0397729   0.0003272  -0.105851  -0.007550   0.000059   0.000040  0.0000129  0.0000131    0.000211    0.000085
2019   1   9  58492   0.070637   0.274756  -0.0401419   0.0004111  -0.105908  -0.007458   0.000059   0.000040  0.0000128  0.0000132    0.000214    0.000085
2019   1  10  58493   0.069750   0.275757  -0.0405867   0.0004624  -0.106097  -0.007468   0.000059   0.000040  0.0000126  0.0000133    0.000216    0.000085
2019   1  11  58494   0.068810   0.276031  -0.0410933   0.0005626  -0.106264  -0.007560   0.000059   0.000040  0.0000125  0.0000133    0.000216    0.000085
2019   1  12  58495   0.068327   0.276958  -0.0417183   0.0006858  -0.106278  -0.007653   0.000059   0.000040  0.0000124  0.0000134    0.000221    0.000084
2019   1  13  58496   0.067619   0.278392  -0.0424490   0.0007617  -0.106143  -0.007712   0.000059   0.000040  0.0000115  0.0000131    0.000214    0.000075
2019   1  14  58497   0.067041   0.280037  -0.0432643   0.0008473  -0.106219  -0.007768   0.000059   0.000040  0.0000114  0.0000132    0.000216    0.000075
2019   1  15  58498   0.066278   0.281989  -0.0441419   0.0008947  -0.106419  -0.007784   0.000059   0.000040  0.0000114  0.0000132    0.000219    0.000076
2019   1  16  58499   0.065560   0.283745  -0.0450371   0.0008947  -0.106548  -0.007645   0.000058   0.000040  0.0000114  0.0000133    0.000219    0.000076
2019   1  17  58500   0.064413   0.285541  -0.0459084   0.0008434  -0.106616  -0.007334   0.000058   0.000040  0.0000110  0.0000134    0.000196    0.000068
2019   1  18  58501   0.063021   0.286806  -0.0467215   0.0007935  -0.106913  -0.007079   0.000059   0.000040  0.0000110  0.0000134    0.000196    0.000068
2019   1  19  58502   0.061886   0.287736  -0.0474810   0.0007474  -0.107479  -0.007169   0.000058   0.000040  0.0000108  0.0000135    0.000201    0.000074
2019   1  20  58503   0.060924   0.288663  -0.0482192   0.0007625  -0.107893  -0.007559   0.000058   0.000039  0.0000107  0.0000132    0.000196    0.000072
2019   1  21  58504   0.059951   0.289646  -0.0490001   0.0008539  -0.107651  -0.007879   0.000057   0.000039  0.0000098  0.0000132    0.000186    0.000064
2019   1  22  58505   0.059500   0.290588  -0.0499002   0.0009738  -0.106807  -0.007871   0.000057   0.000039  0.0000098  0.0000133    0.000186    0.000065
2019   1  23  58506   0.059020   0.291974  -0.0509753   0.0011441  -0.105916  -0.007664   0.000058   0.000039  0.0000099  0.0000133    0.000189    0.000065
2019   1  24  58507   0.058404   0.293938  -0.0522360   0.0013438  -0.105517  -0.007511   0.000058   0.000040  0.0000099  0.0000134    0.000189    0.000066
2019   1  25  58508   0.057037   0.295895  -0.0536317   0.0014479  -0.105611  -0.007456   0.000058   0.000040  0.0000094  0.0000135    0.000176    0.000062
2019   1  26  58509   0.055392   0.297230  -0.0550842   0.0014242  -0.105852  -0.007374   0.000058   0.000040  0.0000095  0.0000136    0.000176    0.000061
2019   1  27  58510   0.054208   0.298636  -0.0565001   0.0013738  -0.106063  -0.007280   0.000058   0.000039  0.0000095  0.0000132    0.000176    0.000061
2019   1  28  58511   0.053443   0.300145  -0.0577925   0.0012435  -0.106155  -0.007305   0.000058   0.000039  0.0000096  0.0000133    0.000178    0.000060
2019   1  29  58512   0.052614   0.301578  -0.0589106   0.0010153  -0.106195  -0.007474   0.000058   0.000039  0.0000096  0.0000133    0.000178    0.000060
2019   1  30  58513   0.051577   0.302934  -0.0598406   0.0008170  -0.106436  -0.007677   0.000058   0.000040  0.0000096  0.0000134    0.000181    0.000059
2019   1  31  58514   0.050593   0.304306  -0.0605800   0.0006817  -0.106728  -0.007805   0.000058   0.000040  0.0000094  0.0000135    0.000171    0.000055
2019   2   1  58515   0.049834   0.306171  -0.0611621   0.0005584  -0.106848  -0.007885   0.000058   0.000040  0.0000093  0.0000135    0.000171    0.000054
2019   2   2  58516   0.049056   0.308504  -0.0616373   0.0004658  -0.106575  -0.008003   0.000058   0.000040  0.0000094  0.0000136    0.000171    0.000053
2019   2   3  58517   0.047559   0.310550  -0.0620986   0.0005001  -0.106111  -0.008121   0.000058   0.000039  0.0000094  0.0000133    0.000173    0.000053
2019   2   4  58518   0.045944   0.311689  -0.0626460   0.0005894  -0.105711  -0.008130   0.000058   0.000039  0.0000091  0.0000133    0.000168    0.000052
2019   2   5  58519   0.044745   0.312776  -0.0633149   0.0007100  -0.105493  -0.008013   0.000058   0.000040  0.0000091  0.0000133    0.000168    0.000051
2019   2   6  58520   0.043838   0.313876  -0.0640945   0.0008363  -0.105588  -0.007874   0.000058   0.000040  0.0000091  0.0000134    0.000171    0.000051
2019   2   7  58521   0.043000   0.314914  -0.0649870   0.0009471  -0.105826  -0.007860   0.000058   0.000040  0.0000090  0.0000135    0.000171    0.000050
2019   2   8  58522   0.042225   0.316266  -0.0659817   0.0010463  -0.106051  -0.007972   0.000058   0.000040  0.0000088  0.0000135    0.000161    0.000048
2019   2   9  58523   0.041812   0.318184  -0.0670693   0.0011151  -0.106078  -0.008091   0.000058   0.000040  0.0000087  0.0000136    0.000163    0.000047
2019   2  10  58524   0.041158   0.320405  -0.0682263   0.0011816  -0.105996  -0.008176   0.000058   0.000040  0.0000087  0.0000132    0.000163    0.000047
2019   2  11  58525   0.040091   0.322109  -0.0694157   0.0011896  -0.105949  -0.008273   0.000058   0.000040  0.0000086  0.0000133    0.000166    0.000046
2019   2  12  58526   0.038728   0.323345  -0.0706131   0.0011548  -0.105948  -0.008391   0.000057   0.000040  0.0000086  0.0000133    0.000166    0.000045
2019   2  13  58527   0.037643   0.323847  -0.0717962   0.0011475  -0.105961  -0.008473   0.000057   0.000040  0.0000085  0.0000134    0.000168    0.000045
2019   2  14  58528   0.036400   0.324163  -0.0729229   0.0010705  -0.105952  -0.008367   0.000057   0.000040  0.0000085  0.0000134    0.000168    0.000044
2019   2  15  58529   0.035202   0.324437  -0.0739690   0.0010196  -0.106256  -0.008195   0.000057   0.000040  0.0000084  0.0000135    0.000141    0.000034
2019   2  16  58530   0.034898   0.325551  -0.0749476   0.0009527  -0.106919  -0.008250   0.000057   0.000040  0.0000084  0.0000135    0.000133    0.000034
2019   2  17  58531   0.035382   0.326979  -0.0759113   0.0009808  -0.107571  -0.008658   0.000057   0.000040  0.0000085  0.0000132    0.000136    0.000035
2019   2  18  58532   0.036402   0.328814  -0.0769283   0.0010855  -0.107561  -0.009130   0.000057   0.000040  0.0000086  0.0000132    0.000138    0.000036
2019   2  19  58533   0.037158   0.330699  -0.0781012   0.0012574  -0.106765  -0.009315   0.000057   0.000040  0.0000086  0.0000133    0.000138    0.000037
2019   2  20  58534   0.037516   0.332551  -0.0794595   0.0014033  -0.105744  -0.009210   0.000057   0.000040  0.0000087  0.0000133    0.000141    0.000038
2019   2  21  58535   0.037409   0.334157  -0.0809464   0.0015192  -0.105165  -0.009001   0.000058   0.000040  0.0000088  0.0000134    0.000141    0.000039
2019   2  22  58536   0.036823   0.335959  -0.0824905   0.0015702  -0.105172  -0.008823   0.000058   0.000040  0.0000089  0.0000134    0.000143    0.000040
2019   2  23  58537   0.035746   0.337468  -0.0840100   0.0014712  -0.105504  -0.008659   0.000058   0.000040  0.0000086  0.0000135    0.000141    0.000040
2019   2  24  58538   0.035260   0.338447  -0.0853945   0.0012778  -0.105857  -0.008495   0.000058   0.000040  0.0000087  0.0000131    0.000143    0.000040
2019   2  25  58539   0.035478   0.339220  -0.0865600   0.0010413  -0.106018  -0.008497   0.000058   0.000040  0.0000087  0.0000132    0.000146    0.000040
2019   2  26  58540   0.035848   0.340191  -0.0874895   0.0008125  -0.106020  -0.008763   0.000058   0.000040  0.0000087  0.0000132    0.000146    0.000040
2019   2  27  58541   0.036335   0.341340  -0.0882138   0.0006230  -0.106125  -0.009134   0.000058   0.000040  0.0000087  0.0000133    0.000148    0.000039
2019   2  28  58542   0.037308   0.342419  -0.0887866   0.0005456  -0.106364  -0.009403   0.000058   0.000040  0.0000086  0.0000134    0.000138    0.000036
2019   3   1  58543   0.038585   0.344058  -0.0892695   0.0004493  -0.106489  -0.009503   0.000059   0.000040  0.0000085  0.0000134    0.000138    0.000036
2019   3   2  58544   0.040115   0.345746  -0.0897285   0.0004525  -0.106284  -0.009525   0.000043   0.000029  0.0000062  0.0000097    0.000075    0.000024
2019   3   3  58545   0.041705   0.347321  -0.0902115   0.0005032  -0.105723  -0.009496   0.000043   0.000029  0.0000061  0.0000096    0.000075    0.000023
2019   3   4  58546   0.043027   0.348978  -0.0907359   0.0005849  -0.105202  -0.009388   0.000043   0.000029  0.0000061  0.0000098    0.000073    0.000024
2019   3   5  58547   0.043941   0.350881  -0.0913366   0.0006457  -0.104939  -0.009179   0.000043   0.000029  0.0000062  0.0000098    0.000075    0.000024
2019   3   6  58548   0.044629   0.352612  -0.0920497   0.0007774  -0.104979  -0.008986   0.000044   0.000029  0.0000062  0.0000099    0.000075    0.000025
2019   3   7  58549   0.045490   0.354228  -0.0928815   0.0009090  -0.105144  -0.008928   0.000044   0.000029  0.0000062  0.0000099    0.000075    0.000026
2019   3   8  58550   0.045755   0.355899  -0.0938209   0.0009788  -0.105323  -0.009043   0.000044   0.000029  0.0000063  0.0000099    0.000078    0.000026
2019   3   9  58551   0.045492   0.356807  -0.0948250   0.0010281  -0.105418  -0.009233   0.000044   0.000029  0.0000063  0.0000099    0.000078    0.000026
2019   3  10  58552   0.045250   0.357817  -0.0958689   0.0010329  -0.105439  -0.009418   0.000044   0.000029  0.0000064  0.0000100    0.000075    0.000027
2019   3  11  58553   0.045393   0.359065  -0.0969307   0.0010556  -0.105424  -0.009586   0.000044   0.000029  0.0000064  0.0000099    0.000078    0.000027
2019   3  12  58554   0.045392   0.360610  -0.0979533   0.0009685  -0.105406  -0.009756   0.000043   0.000029  0.0000064  0.0000098    0.000080    0.000034
2019   3  13  58555   0.044941   0.361834  -0.0988761   0.0008698  -0.105372  -0.009864   0.000043   0.000029  0.0000065  0.0000098    0.000080    0.000035
2019   3  14  58556   0.044600   0.363157  -0.0997021   0.0007680  -0.105310  -0.009879   0.000043   0.000029  0.0000062  0.0000099    0.000078    0.000046
2019   3  15  58557   0.044689   0.364244  -0.1004688   0.0007574  -0.105308  -0.009836   0.000043   0.000029  0.0000062  0.0000099    0.000078    0.000047
2019   3  16  58558   0.044882   0.365639  -0.1012581   0.0008150  -0.105526  -0.009909   0.000043   0.000029  0.0000062  0.0000100    0.000078    0.000047
2019   3  17  58559   0.045118   0.366716  -0.1021314   0.0009185  -0.105800  -0.010171   0.000043   0.000029  0.0000062  0.0000100    0.000080    0.000047
2019   3  18  58560   0.045569   0.367665  -0.1031393   0.0011095  -0.105795  -0.010462   0.000043   0.000029  0.0000062  0.0000100    0.000080    0.000038
2019   3  19  58561   0.045849   0.368711  -0.1043490   0.0013120  -0.105413  -0.010570   0.000043   0.000029  0.0000062  0.0000100    0.000080    0.000041
2019   3  20  58562   0.045602   0.369656  -0.1057537   0.0015004  -0.104830  -0.010524   0.000043   0.000029  0.0000062  0.0000101    0.000083    0.000041
2019   3  21  58563   0.045363   0.370584  -0.1073331   0.0016399  -0.104489  -0.010485   0.000043   0.000029  0.0000061  0.0000101    0.000083    0.000042
2019   3  22  58564   0.045163   0.371781  -0.1090042   0.0016718  -0.104519  -0.010516   0.000043   0.000029  0.0000061  0.0000101    0.000083    0.000042
2019   3  23  58565   0.045059   0.373068  -0.1106258   0.0015653  -0.104810  -0.010442   0.000043   0.000029  0.0000061  0.0000102    0.000085    0.000042
2019   3  24  58566   0.045366   0.374421  -0.1121099   0.0013668  -0.105091  -0.010260   0.000042   0.000029  0.0000061  0.0000098    0.000078    0.000040
2019   3  25  58567   0.045815   0.375834  -0.1133803   0.0011510  -0.105184  -0.010148   0.000042   0.000029  0.0000061  0.0000098    0.000080    0.000048
2019   3  26  58568   0.045966   0.377276  -0.1144432   0.0009612  -0.105134  -0.010268   0.000042   0.000029  0.0000061  0.0000098    0.000080    0.000033
2019   3  27  58569   0.045903   0.378402  -0.1153100   0.0008170  -0.105195  -0.010635   0.000042   0.000029  0.0000061  0.0000099    0.000080    0.000033
2019   3  28  58570   0.046141   0.379230  -0.1160950   0.0007469  -0.105410  -0.010960   0.000042   0.000029  0.0000061  0.0000099    0.000083    0.000032
2019   3  29  58571   0.046500   0.380235  -0.1168183   0.0006843  -0.105551  -0.011082   0.000042   0.000029  0.0000061  0.0000099    0.000083    0.000032
2019   3  30  58572   0.047100   0.381203  -0.1175404   0.0007409  -0.105305  -0.010994   0.000042   0.000029  0.0000062  0.0000100    0.000085    0.000047
2019   3  31  58573   0.047984   0.382645  -0.1183133   0.0008329  -0.104729  -0.010849   0.000042   0.000029  0.0000062  0.0000100    0.000085    0.000047
2019   4   1  58574   0.048795   0.384044  -0.1191791   0.0009226  -0.104170  -0.010692   0.000042   0.000029  0.0000061  0.0000100    0.000080    0.000045
2019   4   2  58575   0.049786   0.385278  -0.1201631   0.0010292  -0.103921  -0.010494   0.000042   0.000029  0.0000062  0.0000100    0.000083    0.000046
2019   4   3  58576   0.050547   0.386499  -0.1212445   0.0011882  -0.103940  -0.010276   0.000042   0.000029  0.0000062  0.0000100    0.000083    0.000046
2019   4   4  58577   0.051078   0.387917  -0.1224765   0.0012751  -0.104075  -0.010130   0.000042   0.000029  0.0000061  0.0000098    0.000080    0.000043
2019   4   5  58578   0.051313   0.389067  -0.1237650   0.0012629  -0.104208  -0.010149   0.000042   0.000029  0.0000061  0.0000099    0.000080    0.000043
2019   4   6  58579   0.051595   0.390130  -0.1250294   0.0012887  -0.104347  -0.010337   0.000042   0.000029  0.0000061  0.0000099    0.000083    0.000041
2019   4   7  58580   0.051785   0.391337  -0.1263223   0.0012566  -0.104439  -0.010600   0.000042   0.000028  0.0000062  0.0000097    0.000083    0.000025
2019   4   8  58581   0.051821   0.392345  -0.1275976   0.0012183  -0.104499  -0.010841   0.000042   0.000029  0.0000063  0.0000098    0.000088    0.000024
2019   4   9  58582   0.052091   0.393318  -0.1287589   0.0011124  -0.104484  -0.010999   0.000042   0.000029  0.0000064  0.0000098    0.000085    0.000024
2019   4  10  58583   0.052480   0.394328  -0.1297840   0.0009744  -0.104559  -0.011060   0.000042   0.000029  0.0000064  0.0000098    0.000085    0.000025
2019   4  11  58584   0.053117   0.395119  -0.1307304   0.0008031  -0.104681  -0.011084   0.000042   0.000029  0.0000065  0.0000098    0.000085    0.000025
2019   4  12  58585   0.053769   0.396173  -0.1314543   0.0007505  -0.104631  -0.011121   0.000042   0.000029  0.0000065  0.0000098    0.000080    0.000026
2019   4  13  58586   0.054679   0.397319  -0.1322260   0.0008202  -0.104434  -0.011242   0.000042   0.000029  0.0000066  0.0000098    0.000080    0.000026
2019   4  14  58587   0.055085   0.398276  -0.1330707   0.0009118  -0.104056  -0.011368   0.000042   0.000029  0.0000066  0.0000098    0.000083    0.000027
2019   4  15  58588   0.055163   0.399057  -0.1340708   0.0010927  -0.103664  -0.011396   0.000042   0.000028  0.0000068  0.0000096    0.000083    0.000027
2019   4  16  58589   0.055809   0.399974  -0.1352472   0.0012953  -0.103464  -0.011317   0.000042   0.000029  0.0000068  0.0000096    0.000083    0.000032
2019   4  17  58590   0.056668   0.400687  -0.1365967   0.0014476  -0.103560  -0.011142   0.000042   0.000029  0.0000069  0.0000096    0.000085    0.000032
2019   4  18  58591   0.057766   0.401049  -0.1380786   0.0014767  -0.103920  -0.011086   0.000042   0.000029  0.0000069  0.0000097    0.000085    0.000033
2019   4  19  58592   0.058599   0.401935  -0.1394963   0.0013893  -0.104306  -0.011186   0.000042   0.000029  0.0000069  0.0000096    0.000088    0.000033
2019   4  20  58593   0.059160   0.402829  -0.1408141   0.0012170  -0.104576  -0.011277   0.000042   0.000029  0.0000069  0.0000097    0.000085    0.000028
2019   4  21  58594   0.060249   0.403665  -0.1419326   0.0010019  -0.104666  -0.011233   0.000042   0.000028  0.0000068  0.0000095    0.000083    0.000028
2019   4  22  58595   0.061350   0.404826  -0.1427672   0.0007530  -0.104601  -0.011134   0.000042   0.000028  0.0000068  0.0000095    0.000083    0.000027
2019   4  23  58596   0.062199   0.406269  -0.1433845   0.0005894  -0.104500  -0.011143   0.000042   0.000029  0.0000068  0.0000095    0.000083    0.000028
2019   4  24  58597   0.062809   0.407465  -0.1440057   0.0005152  -0.104495  -0.011296   0.000042   0.000029  0.0000068  0.0000095    0.000085    0.000028
2019   4  25  58598   0.063457   0.408277  -0.1444919   0.0004827  -0.104653  -0.011522   0.000042   0.000029  0.0000068  0.0000096    0.000085    0.000028
2019   4  26  58599   0.064471   0.408795  -0.1449987   0.0005138  -0.104762  -0.011639   0.000042   0.000029  0.0000067  0.0000096    0.000083    0.000027
2019   4  27  58600   0.065708   0.409250  -0.1455687   0.0005617  -0.104510  -0.011593   0.000042   0.000029  0.0000067  0.0000095    0.000083    0.000028
2019   4  28  58601   0.067070   0.409477  -0.1461789   0.0006526  -0.104011  -0.011481   0.000042   0.000029  0.0000066  0.0000096    0.000083    0.000028
2019   4  29  58602   0.068612   0.409997  -0.1468502   0.0007258  -0.103511  -0.011404   0.000042   0.000029  0.0000066  0.0000097    0.000085    0.000028
2019   4  30  58603   0.070177   0.410662  -0.1476395   0.0008642  -0.103297  -0.011317   0.000042   0.000029  0.0000066  0.0000096    0.000085    0.000030
2019   5   1  58604   0.072222   0.411351  -0.1485556   0.0010083  -0.103486  -0.011184   0.000042   0.000029  0.0000066  0.0000096    0.000085    0.000030
2019   5   2  58605   0.074216   0.412141  -0.1496023   0.0010507  -0.103857  -0.011023   0.000042   0.000029  0.0000067  0.0000094    0.000085    0.000030
2019   5   3  58606   0.075847   0.412864  -0.1506622   0.0010023  -0.104203  -0.010943   0.000042   0.000029  0.0000066  0.0000094    0.000085    0.000030
2019   5   4  58607   0.076746   0.413367  -0.1516396   0.0009372  -0.104409  -0.011030   0.000042   0.000029  0.0000066  0.0000095    0.000088    0.000030
2019   5   5  58608   0.077564   0.413858  -0.1525399   0.0008497  -0.104469  -0.011279   0.000042   0.000028  0.0000066  0.0000093    0.000085    0.000031
2019   5   6  58609   0.078131   0.414792  -0.1533570   0.0007607  -0.104441  -0.011563   0.000042   0.000028  0.0000066  0.0000093    0.000085    0.000031
2019   5   7  58610   0.078967   0.415625  -0.1540793   0.0006757  -0.104449  -0.011743   0.000042   0.000028  0.0000066  0.0000093    0.000085    0.000027
2019   5   8  58611   0.080111   0.416276  -0.1547104   0.0005839  -0.104607  -0.011788   0.000042   0.000029  0.0000066  0.0000093    0.000088    0.000027
2019   5   9  58612   0.081678   0.416736  -0.1552848   0.0005478  -0.104834  -0.011729   0.000042   0.000029  0.0000066  0.0000093    0.000088    0.000027
2019   5  10  58613   0.083198   0.417395  -0.1558351   0.0005435  -0.104930  -0.011686   0.000042   0.000029  0.0000066  0.0000093    0.000088    0.000027
2019   5  11  58614   0.084358   0.418035  -0.1564141   0.0006254  -0.104700  -0.011724   0.000042   0.000029  0.0000067  0.0000093    0.000088    0.000027
2019   5  12  58615   0.085071   0.418630  -0.1571147   0.0007676  -0.104136  -0.011749   0.000042   0.000029  0.0000067  0.0000092    0.000088    0.000027
2019   5  13  58616   0.085813   0.418754  -0.1579536   0.0009279  -0.103536  -0.011660   0.000042   0.000029  0.0000067  0.0000093    0.000088    0.000027
2019   5  14  58617   0.086600   0.419108  -0.1589774   0.0011158  -0.103279  -0.011465   0.000042   0.000029  0.0000068  0.0000092    0.000090    0.000028
2019   5  15  58618   0.087514   0.419659  -0.1601841   0.0012695  -0.103577  -0.011264   0.000042   0.000029  0.0000068  0.0000092    0.000093    0.000028
2019   5  16  58619   0.088999   0.420446  -0.1614640   0.0012897  -0.104247  -0.011205   0.000042   0.000029  0.0000069  0.0000092    0.000093    0.000028
2019   5  17  58620   0.090613   0.421097  -0.1627193   0.0012090  -0.104947  -0.011274   0.000042   0.000029  0.0000069  0.0000092    0.000096    0.000031
2019   5  18  58621   0.092152   0.421974  -0.1637982   0.0009581  -0.105321  -0.011424   0.000043   0.000029  0.0000070  0.0000091    0.000093    0.000030
2019   5  19  58622   0.093282   0.422813  -0.1646108   0.0006955  -0.105380  -0.011480   0.000042   0.000029  0.0000070  0.0000090    0.000093    0.000030
2019   5  20  58623   0.094326   0.423729  -0.1652087   0.0004967  -0.105263  -0.011457   0.000042   0.000029  0.0000070  0.0000090    0.000096    0.000030
2019   5  21  58624   0.095131   0.424424  -0.1656005   0.0003204  -0.105180  -0.011463   0.000042   0.000029  0.0000070  0.0000090    0.000096    0.000031
2019   5  22  58625   0.096224   0.424661  -0.1658605   0.0002467  -0.105152  -0.011482   0.000042   0.000029  0.0000070  0.0000090    0.000098    0.000031
2019   5  23  58626   0.097554   0.425052  -0.1660855   0.0002189  -0.105196  -0.011522   0.000043   0.000029  0.0000070  0.0000090    0.000093    0.000030
2019   5  24  58627   0.099078   0.425636  -0.1663191   0.0002588  -0.105219  -0.011522   0.000043   0.000029  0.0000069  0.0000090    0.000093    0.000030
2019   5  25  58628   0.100677   0.426354  -0.1665911   0.0002955  -0.105207  -0.011534   0.000043   0.000029  0.0000068  0.0000090    0.000098    0.000029
2019   5  26  58629   0.101998   0.427131  -0.1669195   0.0003554  -0.105052  -0.011576   0.000043   0.000029  0.0000068  0.0000090    0.000098    0.000029
2019   5  27  58630   0.102789   0.428011  -0.1673156   0.0004345  -0.104879  -0.011638   0.000043   0.000029  0.0000068  0.0000089    0.000098    0.000030
2019   5  28  58631   0.103380   0.428645  -0.1677794   0.0005092  -0.104851  -0.011669   0.000043   0.000029  0.0000068  0.0000089    0.000093    0.000030
2019   5  29  58632   0.104189   0.429128  -0.1683015   0.0005697  -0.105123  -0.011603   0.000043   0.000029  0.0000068  0.0000090    0.000096    0.000030
2019   5  30  58633   0.105214   0.429435  -0.1688666   0.0006065  -0.105635  -0.011377   0.000043   0.000029  0.0000068  0.0000090    0.000096    0.000030
2019   5  31  58634   0.106824   0.429366  -0.1694735   0.0006029  -0.106176  -0.011123   0.000043   0.000029  0.0000067  0.0000090    0.000096    0.000030
2019   6   1  58635   0.109192   0.429288  -0.1700445   0.0005755  -0.106513  -0.011011   0.000043   0.000029  0.0000068  0.0000090    0.000108    0.000030
2019   6   2  58636   0.111767   0.429661  -0.1705907   0.0004583  -0.106424  -0.011096   0.000043   0.000029  0.0000068  0.0000090    0.000113    0.000026
2019   6   3  58637   0.114354   0.430266  -0.1709787   0.0003102  -0.106263  -0.011315   0.000043   0.000029  0.0000068  0.0000091    0.000116    0.000026
2019   6   4  58638   0.117030   0.430851  -0.1712318   0.0002154  -0.106053  -0.011538   0.000044   0.000029  0.0000068  0.0000090    0.000093    0.000026
2019   6   5  58639   0.119239   0.431321  -0.1714035   0.0001493  -0.106325  -0.011598   0.000044   0.000029  0.0000069  0.0000090    0.000096    0.000027
2019   6   6  58640   0.121052   0.431429  -0.1715420   0.0001022  -0.106709  -0.011495   0.000044   0.000029  0.0000068  0.0000090    0.000090    0.000026
2019   6   7  58641   0.122690   0.430872  -0.1716602   0.0001382  -0.107005  -0.011323   0.000044   0.000029  0.0000065  0.0000090    0.000093    0.000026
2019   6   8  58642   0.124490   0.430649  -0.1718378   0.0002370  -0.106986  -0.011256   0.000044   0.000029  0.0000065  0.0000091    0.000108    0.000029
2019   6   9  58643   0.126185   0.430126  -0.1721356   0.0003910  -0.106786  -0.011282   0.000044   0.000030  0.0000065  0.0000090    0.000111    0.000030
2019   6  10  58644   0.128346   0.429871  -0.1725999   0.0005326  -0.106592  -0.011314   0.000044   0.000030  0.0000065  0.0000091    0.000108    0.000029
2019   6  11  58645   0.130420   0.429746  -0.1732075   0.0006185  -0.106396  -0.011302   0.000044   0.000030  0.0000067  0.0000091    0.000088    0.000026
2019   6  12  58646   0.132347   0.429558  -0.1738778   0.0006416  -0.106596  -0.011253   0.000044   0.000030  0.0000064  0.0000090    0.000088    0.000026
2019   6  13  58647   0.134380   0.429399  -0.1744966   0.0005803  -0.107056  -0.011174   0.000044   0.000030  0.0000064  0.0000091    0.000090    0.000026
2019   6  14  58648   0.136665   0.429210  -0.1750200   0.0004295  -0.107635  -0.011130   0.000044   0.000029  0.0000064  0.0000090    0.000090    0.000026
2019   6  15  58649   0.138696   0.429013  -0.1753572   0.0002232  -0.108089  -0.011108   0.000044   0.000029  0.0000067  0.0000090    0.000093    0.000027
2019   6  16  58650   0.140244   0.428691  -0.1754768   0.0000056  -0.108214  -0.011088   0.000044   0.000029  0.0000065  0.0000089    0.000093    0.000027
2019   6  17  58651   0.141742   0.428108  -0.1753998  -0.0001226  -0.108081  -0.011085   0.000044   0.000029  0.0000065  0.0000090    0.000093    0.000029
2019   6  18  58652   0.143306   0.427548  -0.1752467  -0.0001850  -0.107905  -0.011114   0.000044   0.000029  0.0000065  0.0000090    0.000096    0.000028
2019   6  19  58653   0.144520   0.426783  -0.1750128  -0.0002563  -0.107897  -0.011204   0.000044   0.000029  0.0000066  0.0000090    0.000098    0.000028
2019   6  20  58654   0.145785   0.426239  -0.1747707  -0.0002204  -0.108018  -0.011275   0.000044   0.000030  0.0000065  0.0000091    0.000098    0.000028
2019   6  21  58655   0.147173   0.426049  -0.1745848  -0.0001854  -0.108216  -0.011303   0.000044   0.000030  0.0000065  0.0000091    0.000093    0.000027
2019   6  22  58656   0.148438   0.425869  -0.1744462  -0.0001293  -0.108420  -0.011297   0.000044   0.000030  0.0000065  0.0000091    0.000096    0.000030
2019   6  23  58657   0.149329   0.425822  -0.1743743  -0.0000398  -0.108598  -0.011334   0.000044   0.000030  0.0000066  0.0000090    0.000096    0.000030
2019   6  24  58658   0.149642   0.425359  -0.1743632   0.0000263  -0.108679  -0.011387   0.000044   0.000030  0.0000067  0.0000090    0.000096    0.000030
2019   6  25  58659   0.150443   0.424519  -0.1744216   0.0000533  -0.108716  -0.011385   0.000044   0.000030  0.0000067  0.0000091    0.000093    0.000030
2019   6  26  58660   0.151503   0.423564  -0.1744781   0.0000439  -0.108991  -0.011289   0.000044   0.000030  0.0000068  0.0000091    0.000093    0.000030
2019   6  27  58661   0.153050   0.422505  -0.1745257   0.0000453  -0.109619  -0.011114   0.000044   0.000030  0.0000068  0.0000092    0.000090    0.000030
2019   6  28  58662   0.154952   0.422105  -0.1745566   0.0000056  -0.110428  -0.010919   0.000044   0.000030  0.0000068  0.0000092    0.000093    0.000031
2019   6  29  58663   0.156506   0.421788  -0.1745339  -0.0000611  -0.111014  -0.010790   0.000044   0.000030  0.0000069  0.0000092    0.000096    0.000031
2019   6  30  58664   0.157773   0.421437  -0.1744325  -0.0001824  -0.111200  -0.010775   0.000044   0.000030  0.0000069  0.0000093    0.000096    0.000031
2019   7   1  58665   0.158510   0.420694  -0.1741775  -0.0003108  -0.111164  -0.010924   0.000044   0.000030  0.0000070  0.0000093    0.000096    0.000032
2019   7   2  58666   0.158923   0.419603  -0.1738182  -0.0004383  -0.111170  -0.011201   0.000044   0.000030  0.0000070  0.0000093    0.000090    0.000031
2019   7   3  58667   0.159301   0.418248  -0.1733282  -0.0005289  -0.111253  -0.011394   0.000044   0.000030  0.0000071  0.0000094    0.000090    0.000031
2019   7   4  58668   0.159771   0.417182  -0.1727712  -0.0005358  -0.111247  -0.011387   0.000044   0.000030  0.0000072  0.0000093    0.000093    0.000032
2019   7   5  58669   0.160760   0.416147  -0.1722981  -0.0004260  -0.111134  -0.011195   0.000044   0.000030  0.0000072  0.0000093    0.000090    0.000032
2019   7   6  58670   0.162741   0.415345  -0.1719953  -0.0002040  -0.111056  -0.011015   0.000044   0.000030  0.0000072  0.0000093    0.000088    0.000031
2019   7   7  58671   0.165082   0.415030  -0.1719175  -0.0000221  -0.111148  -0.010970   0.000044   0.000030  0.0000072  0.0000094    0.000085    0.000031
2019   7   8  58672   0.167058   0.414824  -0.1719241   0.0000585  -0.111346  -0.011035   0.000044   0.000029  0.0000073  0.0000093    0.000085    0.000031
2019   7   9  58673   0.168829   0.414243  -0.1720129   0.0000734  -0.111499  -0.011107   0.000044   0.000029  0.0000073  0.0000093    0.000088    0.000032
2019   7  10  58674   0.170656   0.413399  -0.1720373   0.0000259  -0.111662  -0.011120   0.000044   0.000029  0.0000074  0.0000093    0.000088    0.000032
2019   7  11  58675   0.172168   0.412428  -0.1720134  -0.0001153  -0.111917  -0.011094   0.000044   0.000030  0.0000074  0.0000094    0.000085    0.000032
2019   7  12  58676   0.173303   0.411231  -0.1717954  -0.0003342  -0.112349  -0.011049   0.000044   0.000030  0.0000074  0.0000094    0.000085    0.000032
2019   7  13  58677   0.174483   0.409932  -0.1713282  -0.0005760  -0.112783  -0.011013   0.000044   0.000030  0.0000075  0.0000094    0.000088    0.000032
2019   7  14  58678   0.176050   0.408613  -0.1706787  -0.0007695  -0.113051  -0.011015   0.000044   0.000029  0.0000073  0.0000094    0.000088    0.000032
2019   7  15  58679   0.177687   0.407424  -0.1698085  -0.0009133  -0.113059  -0.011100   0.000044   0.000029  0.0000074  0.0000094    0.000088    0.000032
2019   7  16  58680   0.179332   0.406414  -0.1688618  -0.0009571  -0.112894  -0.011251   0.000044   0.000029  0.0000074  0.0000094    0.000090    0.000033
2019   7  17  58681   0.180565   0.406010  -0.1679382  -0.0009163  -0.112692  -0.011345   0.000044   0.000029  0.0000074  0.0000094    0.000090    0.000032
2019   7  18  58682   0.181617   0.405295  -0.1670432  -0.0008163  -0.112593  -0.011296   0.000044   0.000029  0.0000074  0.0000095    0.000090    0.000033
2019   7  19  58683   0.182544   0.404573  -0.1662851  -0.0006897  -0.112651  -0.011156   0.000044   0.000029  0.0000072  0.0000095    0.000083    0.000028
2019   7  20  58684   0.183047   0.403589  -0.1656322  -0.0005755  -0.112974  -0.011066   0.000044   0.000029  0.0000073  0.0000095    0.000080    0.000027
2019   7  21  58685   0.183724   0.402446  -0.1651379  -0.0004998  -0.113352  -0.011101   0.000044   0.000030  0.0000072  0.0000096    0.000078    0.000027
2019   7  22  58686   0.184514   0.401331  -0.1646548  -0.0004473  -0.113590  -0.011206   0.000044   0.000030  0.0000072  0.0000096    0.000080    0.000027
2019   7  23  58687   0.185834   0.400342  -0.1642195  -0.0003851  -0.113635  -0.011264   0.000044   0.000030  0.0000072  0.0000096    0.000080    0.000027
2019   7  24  58688   0.187682   0.399458  -0.1638659  -0.0003124  -0.113686  -0.011141   0.000044   0.000030  0.0000072  0.0000098    0.000080    0.000027
2019   7  25  58689   0.189630   0.398277  -0.1635104  -0.0003293  -0.114169  -0.010991   0.000044   0.000030  0.0000067  0.0000097    0.000075    0.000025
2019   7  26  58690   0.191786   0.396756  -0.1631804  -0.0003897  -0.114949  -0.010895   0.000044   0.000029  0.0000066  0.0000096    0.000075    0.000025
2019   7  27  58691   0.194250   0.395533  -0.1627645  -0.0004129  -0.115596  -0.010871   0.000044   0.000029  0.0000066  0.0000096    0.000075    0.000024
2019   7  28  58692   0.196630   0.394957  -0.1623692  -0.0004457  -0.115782  -0.010852   0.000044   0.000029  0.0000066  0.0000096    0.000078    0.000024
2019   7  29  58693   0.198637   0.394721  -0.1618353  -0.0005432  -0.115650  -0.010888   0.000043   0.000029  0.0000065  0.0000095    0.000075    0.000024
2019   7  30  58694   0.200514   0.394157  -0.1612463  -0.0006170  -0.115520  -0.011065   0.000043   0.000029  0.0000065  0.0000095    0.000078    0.000023
2019   7  31  58695   0.202626   0.393370  -0.1606707  -0.0005429  -0.115500  -0.011289   0.000043   0.000029  0.0000064  0.0000096    0.000078    0.000023
2019   8   1  58696   0.204690   0.392301  -0.1602267  -0.0004012  -0.115376  -0.011356   0.000043   0.000029  0.0000064  0.0000096    0.000078    0.000023
2019   8   2  58697   0.206262   0.391220  -0.1598692  -0.0002143  -0.115158  -0.011190   0.000043   0.000029  0.0000063  0.0000096    0.000078    0.000023
2019   8   3  58698   0.207816   0.390218  -0.1597619   0.0000136  -0.115092  -0.010980   0.000043   0.000029  0.0000063  0.0000097    0.000080    0.000023
2019   8   4  58699   0.209328   0.389372  -0.1598705   0.0002047  -0.115362  -0.010914   0.000043   0.000029  0.0000063  0.0000095    0.000078    0.000023
2019   8   5  58700   0.210566   0.388756  -0.1601388   0.0002868  -0.115856  -0.010967   0.000043   0.000029  0.0000063  0.0000095    0.000078    0.000023
2019   8   6  58701   0.211602   0.388370  -0.1604604   0.0002509  -0.116297  -0.011014   0.000043   0.000029  0.0000063  0.0000096    0.000080    0.000023
2019   8   7  58702   0.212386   0.388019  -0.1606720   0.0001189  -0.116416  -0.011034   0.000043   0.000029  0.0000063  0.0000096    0.000080    0.000023
2019   8   8  58703   0.212729   0.387457  -0.1606950  -0.0000725  -0.116293  -0.011102   0.000043   0.000029  0.0000063  0.0000097    0.000083    0.000024
2019   8   9  58704   0.213213   0.386456  -0.1605177  -0.0002884  -0.116170  -0.011225   0.000043   0.000029  0.0000063  0.0000097    0.000080    0.000023
2019   8  10  58705   0.213618   0.385343  -0.1600900  -0.0005104  -0.116306  -0.011318   0.000043   0.000029  0.0000063  0.0000097    0.000096    0.000024
2019   8  11  58706   0.213982   0.383799  -0.1595070  -0.0006517  -0.116622  -0.011351   0.000043   0.000029  0.0000062  0.0000098    0.000111    0.000024
2019   8  12  58707   0.214516   0.382169  -0.1588184  -0.0007450  -0.116821  -0.011386   0.000042   0.000029  0.0000063  0.0000096    0.000108    0.000024
2019   8  13  58708   0.214944   0.380545  -0.1580556  -0.0007526  -0.116761  -0.011464   0.000042   0.000029  0.0000063  0.0000097    0.000080    0.000024
2019   8  14  58709   0.215570   0.378976  -0.1573339  -0.0006479  -0.116539  -0.011520   0.000042   0.000029  0.0000063  0.0000097    0.000080    0.000024
2019   8  15  58710   0.216255   0.377777  -0.1567325  -0.0005263  -0.116346  -0.011417   0.000042   0.000029  0.0000063  0.0000097    0.000083    0.000025
2019   8  16  58711   0.216650   0.376719  -0.1562758  -0.0004420  -0.116317  -0.011153   0.000043   0.000029  0.0000063  0.0000098    0.000083    0.000025
2019   8  17  58712   0.216754   0.375676  -0.1558223  -0.0003914  -0.116468  -0.010893   0.000043   0.000029  0.0000063  0.0000098    0.000083    0.000025
2019   8  18  58713   0.216967   0.374479  -0.1555081  -0.0003343  -0.116658  -0.010792   0.000042   0.000029  0.0000063  0.0000096    0.000098    0.000026
2019   8  19  58714   0.216955   0.373221  -0.1552168  -0.0002577  -0.116700  -0.010824   0.000042   0.000029  0.0000063  0.0000096    0.000098    0.000026
2019   8  20  58715   0.217091   0.371942  -0.1549961  -0.0001989  -0.116550  -0.010854   0.000042   0.000029  0.0000063  0.0000096    0.000121    0.000027
2019   8  21  58716   0.217230   0.370375  -0.1548084  -0.0001647  -0.116483  -0.010776   0.000042   0.000029  0.0000063  0.0000096    0.000123    0.000027
2019   8  22  58717   0.217272   0.368758  -0.1546673  -0.0001669  -0.116786  -0.010715   0.000042   0.000029  0.0000063  0.0000097    0.000121    0.000027
2019   8  23  58718   0.217196   0.367299  -0.1545252  -0.0001604  -0.117490  -0.010770   0.000042   0.000029  0.0000062  0.0000098    0.000116    0.000026
2019   8  24  58719   0.216899   0.365602  -0.1543575  -0.0002102  -0.118111  -0.010941   0.000042   0.000029  0.0000062  0.0000097    0.000108    0.000026
2019   8  25  58720   0.216628   0.363656  -0.1540886  -0.0003062  -0.118301  -0.011053   0.000042   0.000028  0.0000062  0.0000095    0.000108    0.000026
2019   8  26  58721   0.216427   0.361682  -0.1537159  -0.0004026  -0.118106  -0.011071   0.000042   0.000029  0.0000063  0.0000095    0.000108    0.000026
2019   8  27  58722   0.216384   0.359848  -0.1533169  -0.0004038  -0.117833  -0.011115   0.000042   0.000029  0.0000063  0.0000095    0.000103    0.000026
2019   8  28  58723   0.216234   0.357990  -0.1529938  -0.0002607  -0.117627  -0.011166   0.000042   0.000029  0.0000063  0.0000095    0.000103    0.000026
2019   8  29  58724   0.215974   0.356213  -0.1528093  -0.0000692  -0.117389  -0.011099   0.000042   0.000029  0.0000062  0.0000096    0.000103    0.000026
2019   8  30  58725   0.215295   0.354392  -0.1528582   0.0001634  -0.117156  -0.010849   0.000042   0.000029  0.0000062  0.0000096    0.000101    0.000026
2019   8  31  58726   0.214589   0.352607  -0.1531164   0.0003889  -0.117161  -0.010604   0.000042   0.000029  0.0000062  0.0000096    0.000103    0.000026
2019   9   1  58727   0.214251   0.351024  -0.1536230   0.0005509  -0.117451  -0.010564   0.000042   0.000028  0.0000063  0.0000095    0.000085    0.000026
2019   9   2  58728   0.214229   0.349770  -0.1542362   0.0006158  -0.117894  -0.010650   0.000042   0.000028  0.0000063  0.0000095    0.000085    0.000027
2019   9   3  58729   0.213821   0.348481  -0.1548126   0.0005143  -0.118327  -0.010654   0.000042   0.000028  0.0000063  0.0000095    0.000128    0.000027
2019   9   4  58730   0.213451   0.346759  -0.1552653   0.0003387  -0.118569  -0.010512   0.000042   0.000029  0.0000064  0.0000095    0.000128    0.000027
2019   9   5  58731   0.213287   0.345150  -0.1555174   0.0001664  -0.118452  -0.010598   0.000042   0.000029  0.0000064  0.0000095    0.000131    0.000028
2019   9   6  58732   0.213284   0.343292  -0.1555427  -0.0000562  -0.118131  -0.010923   0.000042   0.000029  0.0000064  0.0000095    0.000131    0.000028
2019   9   7  58733   0.213605   0.341584  -0.1553511  -0.0002258  -0.117909  -0.011238   0.000042   0.000029  0.0000065  0.0000095    0.000090    0.000028
2019   9   8  58734   0.213748   0.340214  -0.1551104  -0.0003264  -0.117937  -0.011370   0.000042   0.000029  0.0000065  0.0000095    0.000090    0.000027
2019   9   9  58735   0.213582   0.338873  -0.1547174  -0.0003835  -0.118032  -0.011329   0.000042   0.000028  0.0000065  0.0000094    0.000093    0.000027
2019   9  10  58736   0.212916   0.337633  -0.1543020  -0.0003792  -0.117937  -0.011245   0.000042   0.000028  0.0000065  0.0000094    0.000093    0.000027
2019   9  11  58737   0.211643   0.336271  -0.1539400  -0.0003457  -0.117730  -0.011124   0.000042   0.000028  0.0000066  0.0000093    0.000096    0.000027
2019   9  12  58738   0.210279   0.334464  -0.1535993  -0.0003023  -0.117510  -0.010926   0.000042   0.000028  0.0000066  0.0000094    0.000096    0.000027
2019   9  13  58739   0.209357   0.332511  -0.1533809  -0.0001592  -0.117403  -0.010612   0.000042   0.000028  0.0000065  0.0000093    0.000093    0.000027
2019   9  14  58740   0.208780   0.330745  -0.1532910  -0.0000117  -0.117292  -0.010327   0.000042   0.000028  0.0000066  0.0000092    0.000093    0.000026
2019   9  15  58741   0.208414   0.329530  -0.1533171   0.0000314  -0.117159  -0.010194   0.000042   0.000028  0.0000066  0.0000092    0.000093    0.000026
2019   9  16  58742   0.207861   0.328404  -0.1533320  -0.0000025  -0.116963  -0.010221   0.000042   0.000028  0.0000066  0.0000092    0.000093    0.000026
2019   9  17  58743   0.207375   0.326891  -0.1533303  -0.0000354  -0.116701  -0.010274   0.000042   0.000028  0.0000066  0.0000092    0.000093    0.000027
2019   9  18  58744   0.206919   0.325493  -0.1532853  -0.0000746  -0.116513  -0.010288   0.000042   0.000028  0.0000066  0.0000092    0.000096    0.000028
2019   9  19  58745   0.206058   0.324124  -0.1531654  -0.0001887  -0.116548  -0.010302   0.000042   0.000028  0.0000067  0.0000092    0.000098    0.000029
2019   9  20  58746   0.204867   0.323038  -0.1529207  -0.0003054  -0.116863  -0.010404   0.000042   0.000028  0.0000067  0.0000092    0.000098    0.000029
2019   9  21  58747   0.203740   0.321672  -0.1525495  -0.0004187  -0.117274  -0.010571   0.000042   0.000028  0.0000067  0.0000091    0.000098    0.000031
2019   9  22  58748   0.202952   0.320373  -0.1521046  -0.0004659  -0.117496  -0.010675   0.000042   0.000028  0.0000068  0.0000090    0.000098    0.000031
2019   9  23  58749   0.202247   0.319367  -0.1516530  -0.0004642  -0.117349  -0.010636   0.000041   0.000028  0.0000068  0.0000090    0.000096    0.000032
2019   9  24  58750   0.201645   0.318571  -0.1512166  -0.0003760  -0.117007  -0.010500   0.000041   0.000028  0.0000068  0.0000090    0.000098    0.000030
2019   9  25  58751   0.201081   0.317719  -0.1508992  -0.0001448  -0.116553  -0.010327   0.000041   0.000028  0.0000069  0.0000090    0.000098    0.000030
2019   9  26  58752   0.200126   0.317163  -0.1508833   0.0001271  -0.116152  -0.010056   0.000041   0.000028  0.0000069  0.0000090    0.000101    0.000030
2019   9  27  58753   0.199436   0.316266  -0.1512096   0.0004451  -0.115917  -0.009696   0.000042   0.000028  0.0000069  0.0000090    0.000101    0.000030
2019   9  28  58754   0.199110   0.315576  -0.1518123   0.0006726  -0.116053  -0.009427   0.000042   0.000028  0.0000070  0.0000089    0.000101    0.000032
2019   9  29  58755   0.198862   0.314678  -0.1525147   0.0007271  -0.116305  -0.009493   0.000042   0.000028  0.0000070  0.0000088    0.000106    0.000032
2019   9  30  58756   0.198848   0.313423  -0.1532049   0.0006476  -0.116515  -0.009737   0.000042   0.000028  0.0000071  0.0000088    0.000098    0.000033
2019  10   1  58757   0.198410   0.312207  -0.1537485   0.0003901  -0.116635  -0.009855   0.000042   0.000028  0.0000071  0.0000088    0.000101    0.000030
2019  10   2  58758   0.197567   0.311034  -0.1539883   0.0000893  -0.116848  -0.009769   0.000042   0.000028  0.0000072  0.0000088    0.000103    0.000031
2019  10   3  58759   0.196521   0.310013  -0.1539122  -0.0001661  -0.116839  -0.009753   0.000042   0.000028  0.0000073  0.0000087    0.000103    0.000031
2019  10   4  58760   0.195512   0.308733  -0.1536855  -0.0003216  -0.116622  -0.009989   0.000042   0.000028  0.0000073  0.0000087    0.000106    0.000032
2019  10   5  58761   0.194646   0.307613  -0.1532978  -0.0004249  -0.116390  -0.010334   0.000042   0.000028  0.0000074  0.0000087    0.000098    0.000031
2019  10   6  58762   0.193612   0.306147  -0.1528333  -0.0004566  -0.116323  -0.010499   0.000042   0.000027  0.0000070  0.0000086    0.000093    0.000030
2019  10   7  58763   0.192696   0.304968  -0.1523685  -0.0004190  -0.116371  -0.010388   0.000042   0.000027  0.0000069  0.0000086    0.000093    0.000030
2019  10   8  58764   0.191558   0.303570  -0.1519645  -0.0003952  -0.116312  -0.010158   0.000042   0.000027  0.0000068  0.0000086    0.000098    0.000031
2019  10   9  58765   0.190547   0.301914  -0.1516533  -0.0002629  -0.116066  -0.009983   0.000042   0.000027  0.0000068  0.0000086    0.000098    0.000031
2019  10  10  58766   0.189439   0.300716  -0.1514464  -0.0001207  -0.115718  -0.009800   0.000042   0.000027  0.0000067  0.0000085    0.000098    0.000030
2019  10  11  58767   0.188637   0.299690  -0.1513803   0.0000031  -0.115434  -0.009566   0.000042   0.000027  0.0000066  0.0000085    0.000098    0.000030
2019  10  12  58768   0.187871   0.299356  -0.1514616   0.0001639  -0.115188  -0.009331   0.000042   0.000027  0.0000066  0.0000085    0.000098    0.000029
2019  10  13  58769   0.186230   0.299271  -0.1516517   0.0002330  -0.114938  -0.009139   0.000042   0.000027  0.0000066  0.0000084    0.000093    0.000028
2019  10  14  58770   0.184374   0.298532  -0.1519120   0.0002854  -0.114700  -0.009062   0.000042   0.000027  0.0000065  0.0000084    0.000093    0.000028
2019  10  15  58771   0.182663   0.297785  -0.1522347   0.0003192  -0.114523  -0.009095   0.000042   0.000027  0.0000065  0.0000083    0.000093    0.000028
2019  10  16  58772   0.181451   0.297182  -0.1525644   0.0003320  -0.114492  -0.009145   0.000042   0.000027  0.0000065  0.0000084    0.000093    0.000027
2019  10  17  58773   0.179963   0.296654  -0.1528796   0.0002835  -0.114508  -0.009187   0.000042   0.000027  0.0000063  0.0000084    0.000093    0.000027
2019  10  18  58774   0.178272   0.295649  -0.1531347   0.0002222  -0.114573  -0.009233   0.000042   0.000027  0.0000063  0.0000083    0.000093    0.000027
2019  10  19  58775   0.176769   0.294516  -0.1533264   0.0001545  -0.114712  -0.009329   0.000042   0.000027  0.0000062  0.0000083    0.000093    0.000027
2019  10  20  58776   0.175243   0.293466  -0.1534304   0.0000914  -0.114817  -0.009410   0.000042   0.000027  0.0000062  0.0000083    0.000096    0.000027
2019  10  21  58777   0.173642   0.292375  -0.1535058   0.0000687  -0.114728  -0.009413   0.000042   0.000027  0.0000062  0.0000083    0.000090    0.000027
2019  10  22  58778   0.172439   0.291301  -0.1536109   0.0001472  -0.114393  -0.009311   0.000042   0.000027  0.0000061  0.0000083    0.000090    0.000027
2019  10  23  58779   0.171356   0.290381  -0.1538184   0.0003219  -0.113888  -0.009012   0.000042   0.000027  0.0000061  0.0000083    0.000093    0.000027
2019  10  24  58780   0.170144   0.289971  -0.1542370   0.0005318  -0.113509  -0.008557   0.000042   0.000026  0.0000058  0.0000082    0.000088    0.000026
2019  10  25  58781   0.168762   0.289141  -0.1549127   0.0007802  -0.113436  -0.008074   0.000042   0.000026  0.0000056  0.0000082    0.000088    0.000026
2019  10  26  58782   0.167818   0.287812  -0.1558032   0.0009548  -0.113729  -0.007838   0.000041   0.000026  0.0000056  0.0000080    0.000090    0.000026
2019  10  27  58783   0.167273   0.286523  -0.1568092   0.0009718  -0.114104  -0.007983   0.000041   0.000026  0.0000055  0.0000080    0.000088    0.000026
2019  10  28  58784   0.167133   0.285481  -0.1577255   0.0008493  -0.114239  -0.008343   0.000041   0.000026  0.0000055  0.0000080    0.000088    0.000026
2019  10  29  58785   0.166908   0.284350  -0.1584554   0.0006110  -0.114149  -0.008600   0.000041   0.000026  0.0000054  0.0000080    0.000090    0.000026
2019  10  30  58786   0.167018   0.283062  -0.1589241   0.0003454  -0.113977  -0.008567   0.000041   0.000026  0.0000054  0.0000080    0.000090    0.000026
2019  10  31  58787   0.166656   0.282117  -0.1591501   0.0001216  -0.113821  -0.008430   0.000040   0.000026  0.0000053  0.0000080    0.000085    0.000025
2019  11   1  58788   0.166024   0.281083  -0.1592044   0.0000290  -0.113567  -0.008446   0.000040   0.000026  0.0000053  0.0000080    0.000085    0.000025
2019  11   2  58789   0.165338   0.280270  -0.1591866  -0.0000229  -0.113263  -0.008600   0.000040   0.000026  0.0000053  0.0000080    0.000080    0.000024
2019  11   3  58790   0.164712   0.279387  -0.1591777   0.0000031  -0.113024  -0.008667   0.000040   0.000026  0.0000053  0.0000079    0.000080    0.000024
2019  11   4  58791   0.163921   0.278764  -0.1591947   0.0000618  -0.112871  -0.008510   0.000040   0.000026  0.0000053  0.0000078    0.000080    0.000024
2019  11   5  58792   0.163092   0.278229  -0.1592855   0.0001031  -0.112737  -0.008234   0.000040   0.000026  0.0000052  0.0000079    0.000103    0.000024
2019  11   6  58793   0.162362   0.277999  -0.1594469   0.0002318  -0.112604  -0.008070   0.000040   0.000026  0.0000052  0.0000079    0.000103    0.000024
2019  11   7  58794   0.161420   0.277887  -0.1597681   0.0003988  -0.112509  -0.008053   0.000040   0.000026  0.0000051  0.0000079    0.000116    0.000023
2019  11   8  58795   0.160475   0.277218  -0.1602407   0.0005640  -0.112464  -0.008054   0.000039   0.000026  0.0000051  0.0000078    0.000116    0.000023
2019  11   9  58796   0.159241   0.276588  -0.1608634   0.0006676  -0.112442  -0.007907   0.000039   0.000026  0.0000051  0.0000078    0.000133    0.000023
2019  11  10  58797   0.157895   0.275927  -0.1615582   0.0007108  -0.112425  -0.007639   0.000039   0.000026  0.0000051  0.0000078    0.000113    0.000023
2019  11  11  58798   0.156727   0.275260  -0.1622553   0.0006808  -0.112440  -0.007409   0.000039   0.000026  0.0000051  0.0000078    0.000113    0.000023
2019  11  12  58799   0.155603   0.274984  -0.1629060   0.0006010  -0.112532  -0.007334   0.000039   0.000026  0.0000051  0.0000078    0.000116    0.000023
2019  11  13  58800   0.154311   0.275077  -0.1634446   0.0004930  -0.112617  -0.007403   0.000039   0.000026  0.0000051  0.0000077    0.000118    0.000023
2019  11  14  58801   0.153268   0.274960  -0.1639043   0.0003652  -0.112590  -0.007509   0.000054   0.000037  0.0000057  0.0000116    0.000121    0.000036
2019  11  15  58802   0.152222   0.274968  -0.1641959   0.0002686  -0.112389  -0.007597   0.000054   0.000037  0.0000057  0.0000117    0.000121    0.000035
2019  11  16  58803   0.150295   0.275080  -0.1643655   0.0001742  -0.112162  -0.007634   0.000054   0.000037  0.0000058  0.0000117    0.000121    0.000035
2019  11  17  58804   0.147587   0.274490  -0.1644541   0.0000196  -0.112006  -0.007626   0.000054   0.000038  0.0000059  0.0000117    0.000123    0.000035
2019  11  18  58805   0.145289   0.273683  -0.1645155   0.0000739  -0.111849  -0.007605   0.000054   0.000038  0.0000060  0.0000117    0.000123    0.000036
2019  11  19  58806   0.143281   0.273081  -0.1646594   0.0002184  -0.111550  -0.007571   0.000054   0.000038  0.0000061  0.0000118    0.000126    0.000036
2019  11  20  58807   0.141572   0.272389  -0.1650117   0.0004566  -0.111061  -0.007425   0.000054   0.000038  0.0000062  0.0000118    0.000126    0.000036
2019  11  21  58808   0.139739   0.271754  -0.1655856   0.0006891  -0.110649  -0.007163   0.000054   0.000038  0.0000063  0.0000118    0.000128    0.000037
2019  11  22  58809   0.137935   0.270986  -0.1663474   0.0008501  -0.110573  -0.006868   0.000054   0.000038  0.0000064  0.0000119    0.000128    0.000037
2019  11  23  58810   0.135854   0.270490  -0.1672098   0.0008984  -0.111033  -0.006711   0.000054   0.000038  0.0000065  0.0000119    0.000131    0.000037
2019  11  24  58811   0.133695   0.270065  -0.1680987   0.0008706  -0.111661  -0.006810   0.000054   0.000038  0.0000066  0.0000120    0.000131    0.000037
2019  11  25  58812   0.131862   0.269518  -0.1688806   0.0007028  -0.112075  -0.007083   0.000053   0.000038  0.0000067  0.0000118    0.000133    0.000037
2019  11  26  58813   0.130125   0.269096  -0.1694679   0.0004439  -0.112159  -0.007295   0.000053   0.000038  0.0000067  0.0000118    0.000133    0.000037
2019  11  27  58814   0.128691   0.269088  -0.1698161   0.0002162  -0.111869  -0.007321   0.000053   0.000038  0.0000069  0.0000119    0.000136    0.000038
2019  11  28  58815   0.127259   0.269277  -0.1699512   0.0001048  -0.111708  -0.007423   0.000052   0.000038  0.0000053  0.0000119    0.000121    0.000031
2019  11  29  58816   0.126025   0.269630  -0.1700093   0.0000503  -0.111348  -0.007304   0.000052   0.000038  0.0000054  0.0000120    0.000113    0.000031
2019  11  30  58817   0.124622   0.269887  -0.1700295   0.0000065  -0.111016  -0.007286   0.000052   0.000038  0.0000056  0.0000120    0.000116    0.000032
2019  12   1  58818   0.122977   0.270474  -0.1700083   0.0000115  -0.110706  -0.007268   0.000053   0.000038  0.0000058  0.0000121    0.000111    0.000033
2019  12   2  58819   0.121295   0.270919  -0.1700652   0.0001125  -0.110453  -0.007153   0.000053   0.000038  0.0000060  0.0000119    0.000113    0.000035
2019  12   3  58820   0.119056   0.271391  -0.1702069   0.0002032  -0.110279  -0.006979   0.000053   0.000038  0.0000061  0.0000119    0.000116    0.000037
2019  12   4  58821   0.116202   0.271402  -0.1704075   0.0002412  -0.110268  -0.006903   0.000053   0.000038  0.0000063  0.0000120    0.000118    0.000039
2019  12   5  58822   0.113387   0.271331  -0.1706831   0.0002888  -0.110316  -0.006950   0.000053   0.000038  0.0000064  0.0000121    0.000121    0.000041
2019  12   6  58823   0.111157   0.271130  -0.1710324   0.0003641  -0.110363  -0.007002   0.000053   0.000039  0.0000065  0.0000121    0.000121    0.000043
2019  12   7  58824   0.109446   0.271083  -0.1714476   0.0004120  -0.110460  -0.006899   0.000053   0.000039  0.0000067  0.0000122    0.000126    0.000045
2019  12   8  58825   0.107845   0.270977  -0.1718773   0.0004384  -0.110579  -0.006613   0.000053   0.000038  0.0000069  0.0000120    0.000128    0.000047
2019  12   9  58826   0.106731   0.270915  -0.1722563   0.0003279  -0.110737  -0.006284   0.000053   0.000039  0.0000072  0.0000120    0.000136    0.000052
2019  12  10  58827   0.105853   0.271007  -0.1725299   0.0001560  -0.110949  -0.006120   0.000053   0.000039  0.0000075  0.0000121    0.000138    0.000055
2019  12  11  58828   0.105246   0.271040  -0.1726501   0.0000269  -0.111075  -0.006207   0.000053   0.000039  0.0000077  0.0000122    0.000141    0.000058
2019  12  12  58829   0.104919   0.271256  -0.1726192  -0.0001170  -0.111045  -0.006472   0.000054   0.000039  0.0000078  0.0000123    0.000141    0.000059
2019  12  13  58830   0.104891   0.271967  -0.1724695  -0.0001672  -0.110827  -0.006721   0.000055   0.000039  0.0000080  0.0000124    0.000143    0.000061
2019  12  14  58831   0.104387   0.273241  -0.1722776  -0.0001813  -0.110343  -0.006777   0.000055   0.000039  0.0000083  0.0000125    0.000146    0.000063
2019  12  15  58832   0.103420   0.274169  -0.1721003  -0.0001567  -0.109812  -0.006653   0.000055   0.000039  0.0000086  0.0000122    0.000146    0.000064
2019  12  16  58833   0.101523   0.274834  -0.1719915  -0.0000768  -0.109350  -0.006478   0.000055   0.000039  0.0000088  0.0000123    0.000148    0.000066
2019  12  17  58834   0.099491   0.275064  -0.1720193   0.0001269  -0.108940  -0.006360   0.000056   0.000039  0.0000090  0.0000124    0.000153    0.000069
2019  12  18  58835   0.097486   0.275323  -0.1722457   0.0003512  -0.108562  -0.006303   0.000056   0.000039  0.0000092  0.0000125    0.000156    0.000071
2019  12  19  58836   0.095902   0.275669  -0.1727030   0.0005690  -0.108607  -0.006335   0.000056   0.000039  0.0000093  0.0000125    0.000156    0.000072
2019  12  20  58837   0.095103   0.276115  -0.1733419   0.0006708  -0.108949  -0.006361   0.000057   0.000039  0.0000095  0.0000126    0.000158    0.000073
2019  12  21  58838   0.094742   0.276421  -0.1740825   0.0006995  -0.109299  -0.006347   0.000057   0.000039  0.0000097  0.0000127    0.000161    0.000076
2019  12  22  58839   0.094482   0.277227  -0.1748044   0.0006483  -0.109678  -0.006397   0.000057   0.000039  0.0000100  0.0000124    0.000166    0.000079
2019  12  23  58840   0.093397   0.278386  -0.1753803   0.0005092  -0.109927  -0.006517   0.000057   0.000039  0.0000105  0.0000125    0.000168    0.000084
2019  12  24  58841   0.091836   0.279097  -0.1757728   0.0003494  -0.109859  -0.006611   0.000057   0.000039  0.0000108  0.0000126    0.000173    0.000088
2019  12  25  58842   0.090305   0.279607  -0.1760220   0.0001839  -0.109645  -0.006573   0.000057   0.000039  0.0000110  0.0000126    0.000176    0.000093
2019  12  26  58843   0.088530   0.280066  -0.1761523   0.0000805  -0.109366  -0.006464   0.000057   0.000039  0.0000107  0.0000127    0.000166    0.000091
2019  12  27  58844   0.086894   0.280745  -0.1762143   0.0000471  -0.109161  -0.006373   0.000058   0.000040  0.0000109  0.0000128    0.000168    0.000094
2019  12  28  58845   0.085073   0.281330  -0.1762581   0.0000518  -0.108989  -0.006399   0.000058   0.000040  0.0000111  0.0000128    0.000171    0.000097
2019  12  29  58846   0.082939   0.281710  -0.1763377   0.0001236  -0.108840  -0.006457   0.000057   0.000039  0.0000118  0.0000125    0.000181    0.000103
2019  12  30  58847   0.080306   0.281800  -0.1764974   0.0002229  -0.108726  -0.006486   0.000057   0.000039  0.0000120  0.0000125    0.000184    0.000105
2019  12  31  58848   0.078246   0.281929  -0.1767593   0.0003452  -0.108702  -0.006509   0.000057   0.000039  0.0000122  0.0000126    0.000186    0.000108
