

                   INTERNATIONAL EARTH ROTATION AND REFERENCE SYSTEMS SERVICE
                        EARTH ORIENTATION PARAMETERS
                          EOP (IERS) 14 C04

  
             FORMAT(3(I4),I7,2(F11.6),2(F12.7),2(F11.6),2(F11.6),2(F11.7),2(F12.6))
##################################################################################
  
      Date      MJD      x          y        UT1-UTC       LOD         dX        dY        x Err     y Err   UT1-UTC Err  LOD Err     dX Err       dY Err  
                         "          "           s           s          "         "           "          "          s         s            "           "
     (0h UTC)

2014   1   1  56658   0.038625   0.318929  -0.0970337   0.0011952   0.000008   0.000163   0.000048   0.000048  0.0000042  0.0000230    0.000047    0.000031
2014   1   2  56659   0.038411   0.319622  -0.0982274   0.0012339  -0.000016   0.000175   0.000048   0.000048  0.0000055  0.0000230    0.000048    0.000032
2014   1   3  56660   0.037804   0.320458  -0.0995076   0.0013011  -0.000041   0.000188   0.000048   0.000048  0.0000068  0.0000230    0.000049    0.000032
2014   1   4  56661   0.037059   0.320811  -0.1008557   0.0013803  -0.000026   0.000192   0.000048   0.000048  0.0000196  0.0000230    0.000049    0.000033
2014   1   5  56662   0.036698   0.321223  -0.1022601   0.0014192   0.000004   0.000193   0.000048   0.000048  0.0000168  0.0000230    0.000050    0.000033
2014   1   6  56663   0.036122   0.321908  -0.1036685   0.0013885   0.000034   0.000195   0.000049   0.000048  0.0000088  0.0000230    0.000051    0.000033
2014   1   7  56664   0.035263   0.322840  -0.1049943   0.0012674   0.000064   0.000196   0.000049   0.000048  0.0000027  0.0000230    0.000051    0.000034
2014   1   8  56665   0.034235   0.323974  -0.1061704   0.0010994   0.000102   0.000178   0.000049   0.000048  0.0000127  0.0000230    0.000052    0.000034
2014   1   9  56666   0.033904   0.324984  -0.1071902   0.0009721   0.000142   0.000155   0.000049   0.000048  0.0000210  0.0000230    0.000053    0.000034
2014   1  10  56667   0.033577   0.326468  -0.1080927   0.0008292   0.000068   0.000232   0.000049   0.000048  0.0000074  0.0000229    0.000053    0.000035
2014   1  11  56668   0.032842   0.327905  -0.1088467   0.0006654   0.000049   0.000258   0.000049   0.000048  0.0000123  0.0000229    0.000054    0.000035
2014   1  12  56669   0.031625   0.328991  -0.1094693   0.0005909   0.000064   0.000252   0.000049   0.000048  0.0000128  0.0000229    0.000054    0.000035
2014   1  13  56670   0.030240   0.330037  -0.1100268   0.0005450   0.000079   0.000247   0.000049   0.000048  0.0000089  0.0000229    0.000055    0.000035
2014   1  14  56671   0.029382   0.330675  -0.1105795   0.0005509   0.000095   0.000241   0.000049   0.000048  0.0000055  0.0000229    0.000055    0.000035
2014   1  15  56672   0.028560   0.331788  -0.1111660   0.0006293   0.000123   0.000207   0.000049   0.000048  0.0000047  0.0000230    0.000055    0.000035
2014   1  16  56673   0.027405   0.332652  -0.1118310   0.0007043   0.000155   0.000165   0.000049   0.000048  0.0000046  0.0000230    0.000055    0.000034
2014   1  17  56674   0.026585   0.333747  -0.1126033   0.0008169   0.000188   0.000123   0.000049   0.000048  0.0000045  0.0000230    0.000056    0.000034
2014   1  18  56675   0.025858   0.335129  -0.1135020   0.0009733   0.000214   0.000098   0.000049   0.000049  0.0000127  0.0000230    0.000056    0.000034
2014   1  19  56676   0.024785   0.336444  -0.1145585   0.0011195   0.000238   0.000080   0.000049   0.000049  0.0000127  0.0000231    0.000056    0.000034
2014   1  20  56677   0.023705   0.337475  -0.1157163   0.0012016   0.000263   0.000061   0.000049   0.000049  0.0000137  0.0000231    0.000056    0.000034
2014   1  21  56678   0.023636   0.338291  -0.1169543   0.0012565   0.000282   0.000045   0.000049   0.000049  0.0000118  0.0000231    0.000056    0.000033
2014   1  22  56679   0.024050   0.339040  -0.1182385   0.0012901   0.000150   0.000083   0.000049   0.000049  0.0000074  0.0000232    0.000055    0.000033
2014   1  23  56680   0.024359   0.339986  -0.1195022   0.0012505   0.000170   0.000095   0.000049   0.000049  0.0000057  0.0000232    0.000055    0.000032
2014   1  24  56681   0.024502   0.340785  -0.1207223   0.0011427   0.000230   0.000099   0.000049   0.000049  0.0000048  0.0000232    0.000054    0.000031
2014   1  25  56682   0.024346   0.341404  -0.1218576   0.0010841   0.000227   0.000085   0.000049   0.000049  0.0000175  0.0000232    0.000054    0.000031
2014   1  26  56683   0.024091   0.341819  -0.1229218   0.0010054   0.000201   0.000064   0.000050   0.000049  0.0000248  0.0000231    0.000054    0.000031
2014   1  27  56684   0.024192   0.342557  -0.1238792   0.0009439   0.000175   0.000043   0.000050   0.000049  0.0000168  0.0000231    0.000054    0.000031
2014   1  28  56685   0.024382   0.343913  -0.1248207   0.0009566   0.000149   0.000021   0.000050   0.000050  0.0000100  0.0000231    0.000054    0.000031
2014   1  29  56686   0.024523   0.345557  -0.1258202   0.0010696   0.000123   0.000000   0.000050   0.000050  0.0000066  0.0000231    0.000054    0.000031
2014   1  30  56687   0.024560   0.347002  -0.1269700   0.0012412   0.000101   0.000000   0.000050   0.000050  0.0000062  0.0000231    0.000054    0.000031
2014   1  31  56688   0.024272   0.348034  -0.1282650   0.0013455   0.000193   0.000027   0.000050   0.000050  0.0000065  0.0000231    0.000054    0.000031
2014   2   1  56689   0.023720   0.348846  -0.1296369   0.0014088   0.000181   0.000049   0.000050   0.000050  0.0000120  0.0000231    0.000054    0.000031
2014   2   2  56690   0.023527   0.349533  -0.1310635   0.0013966   0.000118   0.000067   0.000050   0.000050  0.0000141  0.0000231    0.000054    0.000031
2014   2   3  56691   0.023561   0.350124  -0.1324606   0.0013401   0.000055   0.000085   0.000050   0.000050  0.0000099  0.0000231    0.000054    0.000031
2014   2   4  56692   0.023735   0.351002  -0.1337440   0.0012129  -0.000008   0.000103   0.000050   0.000050  0.0000039  0.0000232    0.000054    0.000031
2014   2   5  56693   0.023864   0.352351  -0.1348497   0.0010118   0.000004   0.000135   0.000050   0.000050  0.0000035  0.0000232    0.000054    0.000032
2014   2   6  56694   0.024364   0.353748  -0.1357764   0.0008329   0.000060   0.000158   0.000050   0.000050  0.0000046  0.0000233    0.000055    0.000032
2014   2   7  56695   0.024526   0.355359  -0.1365467   0.0007076   0.000206   0.000130   0.000050   0.000050  0.0000057  0.0000233    0.000054    0.000032
2014   2   8  56696   0.024479   0.356729  -0.1372258   0.0006317   0.000221   0.000146   0.000050   0.000050  0.0000184  0.0000233    0.000054    0.000032
2014   2   9  56697   0.024393   0.358211  -0.1378255   0.0005625   0.000188   0.000177   0.000050   0.000050  0.0000198  0.0000234    0.000054    0.000032
2014   2  10  56698   0.024197   0.359803  -0.1383963   0.0005991   0.000155   0.000209   0.000050   0.000050  0.0000133  0.0000234    0.000054    0.000032
2014   2  11  56699   0.024040   0.361819  -0.1389977   0.0006722   0.000122   0.000240   0.000050   0.000050  0.0000067  0.0000235    0.000054    0.000031
2014   2  12  56700   0.023543   0.363777  -0.1396740   0.0007413   0.000138   0.000186   0.000050   0.000050  0.0000097  0.0000235    0.000054    0.000031
2014   2  13  56701   0.022785   0.365441  -0.1404630   0.0008543   0.000167   0.000110   0.000050   0.000050  0.0000128  0.0000236    0.000054    0.000031
2014   2  14  56702   0.022059   0.367134  -0.1413957   0.0009903   0.000289   0.000047   0.000050   0.000050  0.0000072  0.0000236    0.000055    0.000032
2014   2  15  56703   0.021459   0.368685  -0.1424475   0.0011131   0.000287   0.000033   0.000050   0.000050  0.0000175  0.0000237    0.000055    0.000033
2014   2  16  56704   0.021003   0.370446  -0.1436550   0.0012701   0.000229   0.000034   0.000050   0.000050  0.0000219  0.0000237    0.000056    0.000034
2014   2  17  56705   0.020474   0.372215  -0.1449579   0.0013350   0.000170   0.000035   0.000050   0.000050  0.0000175  0.0000238    0.000057    0.000034
2014   2  18  56706   0.019775   0.373461  -0.1463110   0.0013584   0.000111   0.000036   0.000050   0.000050  0.0000115  0.0000238    0.000057    0.000035
2014   2  19  56707   0.019852   0.374879  -0.1477017   0.0013881   0.000143   0.000075   0.000050   0.000051  0.0000143  0.0000239    0.000058    0.000036
2014   2  20  56708   0.020092   0.376167  -0.1490673   0.0013344   0.000199   0.000123   0.000050   0.000051  0.0000167  0.0000239    0.000058    0.000037
2014   2  21  56709   0.020334   0.377408  -0.1503415   0.0012212   0.000268   0.000041   0.000050   0.000051  0.0000090  0.0000240    0.000058    0.000037
2014   2  22  56710   0.020535   0.378564  -0.1515516   0.0011444   0.000294   0.000018   0.000050   0.000051  0.0000163  0.0000240    0.000058    0.000037
2014   2  23  56711   0.020713   0.380002  -0.1526832   0.0011380   0.000302   0.000034   0.000050   0.000051  0.0000186  0.0000241    0.000058    0.000037
2014   2  24  56712   0.020489   0.381457  -0.1538268   0.0011862   0.000310   0.000050   0.000050   0.000051  0.0000149  0.0000241    0.000058    0.000037
2014   2  25  56713   0.019581   0.382823  -0.1550466   0.0012721   0.000318   0.000066   0.000050   0.000051  0.0000110  0.0000241    0.000058    0.000037
2014   2  26  56714   0.018713   0.383668  -0.1563948   0.0014481   0.000234   0.000042   0.000050   0.000051  0.0000115  0.0000242    0.000057    0.000037
2014   2  27  56715   0.018762   0.384182  -0.1579400   0.0016767   0.000179   0.000014   0.000051   0.000051  0.0000117  0.0000242    0.000057    0.000037
2014   2  28  56716   0.019281   0.385242  -0.1597418   0.0018938   0.000204  -0.000011   0.000051   0.000051  0.0000064  0.0000242    0.000056    0.000036
2014   3   1  56717   0.019851   0.386589  -0.1616862   0.0019870   0.000218  -0.000005   0.000051   0.000051  0.0000119  0.0000242    0.000055    0.000035
2014   3   2  56718   0.020242   0.387918  -0.1636857   0.0019830   0.000222   0.000012   0.000051   0.000051  0.0000154  0.0000242    0.000053    0.000034
2014   3   3  56719   0.020430   0.389451  -0.1656596   0.0019172   0.000226   0.000029   0.000051   0.000051  0.0000121  0.0000242    0.000052    0.000033
2014   3   4  56720   0.020506   0.390971  -0.1675271   0.0017830   0.000230   0.000046   0.000051   0.000051  0.0000067  0.0000242    0.000051    0.000032
2014   3   5  56721   0.020362   0.392074  -0.1692341   0.0015948   0.000255   0.000039   0.000051   0.000051  0.0000114  0.0000242    0.000050    0.000031
2014   3   6  56722   0.020424   0.393010  -0.1707613   0.0014176   0.000285   0.000026   0.000051   0.000051  0.0000157  0.0000242    0.000049    0.000030
2014   3   7  56723   0.020313   0.394045  -0.1721222   0.0012988   0.000315   0.000013   0.000051   0.000051  0.0000085  0.0000242    0.000048    0.000030
2014   3   8  56724   0.020135   0.395140  -0.1733613   0.0011755   0.000317   0.000001   0.000051   0.000051  0.0000131  0.0000242    0.000047    0.000029
2014   3   9  56725   0.019846   0.396188  -0.1744938   0.0010661   0.000308  -0.000011   0.000051   0.000051  0.0000127  0.0000242    0.000046    0.000028
2014   3  10  56726   0.019509   0.396953  -0.1755689   0.0010893   0.000299  -0.000022   0.000051   0.000051  0.0000103  0.0000242    0.000045    0.000027
2014   3  11  56727   0.019197   0.398041  -0.1766179   0.0010649   0.000290  -0.000034   0.000051   0.000051  0.0000090  0.0000242    0.000044    0.000026
2014   3  12  56728   0.019420   0.399147  -0.1776735   0.0010592   0.000281  -0.000045   0.000051   0.000051  0.0000075  0.0000242    0.000044    0.000026
2014   3  13  56729   0.020234   0.400258  -0.1787999   0.0011575   0.000347   0.000061   0.000051   0.000051  0.0000071  0.0000242    0.000043    0.000025
2014   3  14  56730   0.021455   0.401268  -0.1799905   0.0012469   0.000318   0.000100   0.000051   0.000051  0.0000071  0.0000242    0.000042    0.000024
2014   3  15  56731   0.022504   0.402454  -0.1812187   0.0012929   0.000278   0.000094   0.000051   0.000051  0.0000175  0.0000242    0.000040    0.000023
2014   3  16  56732   0.023637   0.403738  -0.1825057   0.0012959   0.000248   0.000084   0.000051   0.000051  0.0000219  0.0000242    0.000039    0.000022
2014   3  17  56733   0.024470   0.405052  -0.1837803   0.0012448   0.000217   0.000073   0.000051   0.000051  0.0000181  0.0000242    0.000038    0.000021
2014   3  18  56734   0.024858   0.405660  -0.1850332   0.0012335   0.000186   0.000062   0.000051   0.000051  0.0000128  0.0000242    0.000037    0.000021
2014   3  19  56735   0.025303   0.406020  -0.1862720   0.0011909   0.000203   0.000106   0.000051   0.000051  0.0000148  0.0000241    0.000036    0.000020
2014   3  20  56736   0.026121   0.406476  -0.1874632   0.0011623   0.000244   0.000141   0.000051   0.000051  0.0000186  0.0000241    0.000036    0.000019
2014   3  21  56737   0.027395   0.407082  -0.1885929   0.0011168   0.000330   0.000089   0.000051   0.000051  0.0000225  0.0000241    0.000034    0.000018
2014   3  22  56738   0.028278   0.408420  -0.1896888   0.0011114   0.000355   0.000046   0.000051   0.000051  0.0000184  0.0000241    0.000033    0.000017
2014   3  23  56739   0.029408   0.409838  -0.1908400   0.0011640   0.000358   0.000007   0.000051   0.000051  0.0000207  0.0000240    0.000032    0.000017
2014   3  24  56740   0.030866   0.411323  -0.1920471   0.0012655   0.000361  -0.000032   0.000051   0.000051  0.0000169  0.0000240    0.000031    0.000016
2014   3  25  56741   0.032258   0.412702  -0.1933412   0.0013746   0.000364  -0.000070   0.000051   0.000051  0.0000077  0.0000240    0.000031    0.000015
2014   3  26  56742   0.033605   0.414229  -0.1947883   0.0015393   0.000336  -0.000059   0.000051   0.000051  0.0000166  0.0000240    0.000030    0.000015
2014   3  27  56743   0.034995   0.415246  -0.1963914   0.0016747   0.000301  -0.000034   0.000051   0.000051  0.0000244  0.0000240    0.000029    0.000014
2014   3  28  56744   0.036741   0.416007  -0.1980908   0.0017359   0.000258  -0.000007   0.000051   0.000051  0.0000098  0.0000240    0.000028    0.000014
2014   3  29  56745   0.038453   0.416886  -0.1998624   0.0018000   0.000240   0.000020   0.000051   0.000051  0.0000124  0.0000240    0.000027    0.000013
2014   3  30  56746   0.040414   0.418056  -0.2016841   0.0017891   0.000231   0.000048   0.000051   0.000051  0.0000233  0.0000240    0.000026    0.000012
2014   3  31  56747   0.042244   0.419490  -0.2034168   0.0016708   0.000222   0.000075   0.000050   0.000051  0.0000187  0.0000240    0.000026    0.000012
2014   4   1  56748   0.043621   0.420985  -0.2050033   0.0014932   0.000213   0.000102   0.000050   0.000050  0.0000060  0.0000240    0.000025    0.000011
2014   4   2  56749   0.044738   0.422571  -0.2064962   0.0014019   0.000270   0.000046   0.000050   0.000050  0.0000135  0.0000240    0.000025    0.000012
2014   4   3  56750   0.045494   0.423930  -0.2078544   0.0013076   0.000318   0.000015   0.000050   0.000050  0.0000209  0.0000240    0.000026    0.000012
2014   4   4  56751   0.045956   0.425019  -0.2090911   0.0012133   0.000326   0.000024   0.000050   0.000050  0.0000073  0.0000240    0.000027    0.000013
2014   4   5  56752   0.046317   0.425769  -0.2102960   0.0012089   0.000340   0.000033   0.000050   0.000050  0.0000121  0.0000240    0.000027    0.000013
2014   4   6  56753   0.046765   0.426367  -0.2115022   0.0011916   0.000362   0.000038   0.000050   0.000050  0.0000185  0.0000240    0.000028    0.000014
2014   4   7  56754   0.047654   0.426425  -0.2126763   0.0011847   0.000384   0.000043   0.000050   0.000050  0.0000139  0.0000240    0.000028    0.000014
2014   4   8  56755   0.049103   0.427191  -0.2138595   0.0011804   0.000406   0.000048   0.000050   0.000050  0.0000053  0.0000239    0.000029    0.000015
2014   4   9  56756   0.050693   0.428280  -0.2150828   0.0012427   0.000402   0.000053   0.000050   0.000050  0.0000082  0.0000239    0.000029    0.000015
2014   4  10  56757   0.052161   0.429119  -0.2163621   0.0012837   0.000392   0.000059   0.000050   0.000050  0.0000115  0.0000239    0.000030    0.000016
2014   4  11  56758   0.053265   0.429894  -0.2176827   0.0013690   0.000355  -0.000017   0.000050   0.000050  0.0000045  0.0000238    0.000031    0.000016
2014   4  12  56759   0.054207   0.430571  -0.2190735   0.0014100   0.000335  -0.000057   0.000050   0.000050  0.0000083  0.0000238    0.000031    0.000017
2014   4  13  56760   0.054917   0.430856  -0.2205121   0.0014564   0.000324  -0.000073   0.000050   0.000050  0.0000131  0.0000237    0.000031    0.000017
2014   4  14  56761   0.055763   0.431160  -0.2219651   0.0014828   0.000313  -0.000088   0.000050   0.000050  0.0000105  0.0000237    0.000032    0.000018
2014   4  15  56762   0.056648   0.432092  -0.2233979   0.0013962   0.000302  -0.000104   0.000050   0.000050  0.0000049  0.0000236    0.000032    0.000018
2014   4  16  56763   0.057283   0.432755  -0.2247224   0.0012634   0.000198  -0.000131   0.000050   0.000050  0.0000045  0.0000236    0.000033    0.000019
2014   4  17  56764   0.058233   0.433316  -0.2259735   0.0011786   0.000185  -0.000141   0.000050   0.000050  0.0000114  0.0000236    0.000033    0.000019
2014   4  18  56765   0.059547   0.434438  -0.2271611   0.0012207   0.000216  -0.000142   0.000050   0.000050  0.0000205  0.0000236    0.000033    0.000020
2014   4  19  56766   0.060235   0.435938  -0.2283262   0.0012048   0.000247  -0.000144   0.000049   0.000049  0.0000224  0.0000237    0.000034    0.000020
2014   4  20  56767   0.060944   0.436953  -0.2295574   0.0012852   0.000278  -0.000146   0.000049   0.000049  0.0000148  0.0000237    0.000034    0.000021
2014   4  21  56768   0.062152   0.437984  -0.2308630   0.0013677   0.000309  -0.000147   0.000049   0.000049  0.0000130  0.0000236    0.000034    0.000021
2014   4  22  56769   0.063753   0.438706  -0.2322999   0.0015262   0.000340  -0.000149   0.000049   0.000049  0.0000097  0.0000236    0.000035    0.000022
2014   4  23  56770   0.065273   0.439403  -0.2338988   0.0016696   0.000370  -0.000150   0.000049   0.000049  0.0000064  0.0000236    0.000035    0.000022
2014   4  24  56771   0.066868   0.439919  -0.2356298   0.0017856   0.000421  -0.000193   0.000049   0.000049  0.0000053  0.0000236    0.000035    0.000023
2014   4  25  56772   0.068557   0.440457  -0.2374814   0.0019238   0.000283  -0.000099   0.000049   0.000049  0.0000049  0.0000235    0.000035    0.000023
2014   4  26  56773   0.070301   0.441033  -0.2394680   0.0020142   0.000232  -0.000068   0.000049   0.000049  0.0000123  0.0000235    0.000035    0.000023
2014   4  27  56774   0.071794   0.441789  -0.2414444   0.0019416   0.000238  -0.000080   0.000049   0.000049  0.0000185  0.0000234    0.000035    0.000023
2014   4  28  56775   0.072950   0.442413  -0.2433097   0.0017730   0.000243  -0.000091   0.000049   0.000049  0.0000137  0.0000233    0.000035    0.000023
2014   4  29  56776   0.074283   0.442691  -0.2450254   0.0015938   0.000249  -0.000102   0.000049   0.000049  0.0000046  0.0000232    0.000035    0.000023
2014   4  30  56777   0.076090   0.442797  -0.2465423   0.0014226   0.000306  -0.000104   0.000049   0.000049  0.0000033  0.0000231    0.000034    0.000023
2014   5   1  56778   0.077991   0.443171  -0.2478612   0.0012415   0.000427  -0.000091   0.000049   0.000049  0.0000095  0.0000231    0.000034    0.000023
2014   5   2  56779   0.079707   0.443594  -0.2490457   0.0011000   0.000526  -0.000080   0.000049   0.000049  0.0000177  0.0000230    0.000034    0.000023
2014   5   3  56780   0.081701   0.444023  -0.2501393   0.0010920   0.000474  -0.000090   0.000049   0.000049  0.0000217  0.0000229    0.000033    0.000022
2014   5   4  56781   0.083839   0.444603  -0.2512148   0.0011010   0.000422  -0.000099   0.000049   0.000049  0.0000176  0.0000229    0.000033    0.000022
2014   5   5  56782   0.085302   0.444896  -0.2523558   0.0011384   0.000369  -0.000109   0.000049   0.000048  0.0000142  0.0000228    0.000032    0.000021
2014   5   6  56783   0.086169   0.445015  -0.2535595   0.0012071   0.000317  -0.000118   0.000049   0.000048  0.0000178  0.0000228    0.000032    0.000021
2014   5   7  56784   0.087354   0.445500  -0.2548236   0.0012801   0.000241  -0.000119   0.000049   0.000048  0.0000265  0.0000227    0.000031    0.000021
2014   5   8  56785   0.088953   0.446179  -0.2561154   0.0013765   0.000177  -0.000127   0.000049   0.000048  0.0000138  0.0000227    0.000031    0.000020
2014   5   9  56786   0.090410   0.446838  -0.2575214   0.0014356   0.000149  -0.000149   0.000049   0.000048  0.0000143  0.0000227    0.000031    0.000020
2014   5  10  56787   0.091448   0.446928  -0.2589579   0.0014455   0.000162  -0.000159   0.000049   0.000048  0.0000194  0.0000226    0.000031    0.000020
2014   5  11  56788   0.093022   0.446752  -0.2604021   0.0014303   0.000174  -0.000189   0.000049   0.000048  0.0000239  0.0000226    0.000031    0.000020
2014   5  12  56789   0.095388   0.446663  -0.2618058   0.0013703   0.000183  -0.000231   0.000049   0.000048  0.0000214  0.0000226    0.000031    0.000020
2014   5  13  56790   0.097793   0.447033  -0.2631278   0.0012425   0.000172  -0.000224   0.000049   0.000048  0.0000197  0.0000226    0.000031    0.000020
2014   5  14  56791   0.099835   0.447593  -0.2643018   0.0011465   0.000159  -0.000218   0.000049   0.000048  0.0000143  0.0000225    0.000031    0.000020
2014   5  15  56792   0.101380   0.447965  -0.2654058   0.0010614   0.000152  -0.000217   0.000049   0.000048  0.0000205  0.0000225    0.000032    0.000020
2014   5  16  56793   0.102773   0.448091  -0.2664370   0.0010122   0.000145  -0.000224   0.000049   0.000048  0.0000112  0.0000225    0.000032    0.000020
2014   5  17  56794   0.103974   0.448095  -0.2674275   0.0010074   0.000153  -0.000250   0.000049   0.000048  0.0000214  0.0000225    0.000032    0.000020
2014   5  18  56795   0.104886   0.448053  -0.2684662   0.0010721   0.000160  -0.000272   0.000049   0.000048  0.0000237  0.0000225    0.000033    0.000020
2014   5  19  56796   0.105789   0.447827  -0.2696226   0.0011993   0.000163  -0.000258   0.000049   0.000048  0.0000173  0.0000225    0.000033    0.000021
2014   5  20  56797   0.107192   0.447596  -0.2708936   0.0013561   0.000155  -0.000224   0.000049   0.000048  0.0000155  0.0000225    0.000034    0.000021
2014   5  21  56798   0.108971   0.447681  -0.2722819   0.0014540   0.000154  -0.000195   0.000049   0.000048  0.0000266  0.0000225    0.000035    0.000022
2014   5  22  56799   0.110876   0.448090  -0.2737383   0.0014685   0.000171  -0.000193   0.000049   0.000048  0.0000176  0.0000225    0.000035    0.000023
2014   5  23  56800   0.112186   0.448320  -0.2752160   0.0014057   0.000198  -0.000224   0.000049   0.000048  0.0000085  0.0000225    0.000036    0.000023
2014   5  24  56801   0.113624   0.448153  -0.2766438   0.0013568   0.000222  -0.000230   0.000049   0.000048  0.0000255  0.0000225    0.000037    0.000024
2014   5  25  56802   0.115166   0.447752  -0.2779093   0.0011844   0.000244  -0.000223   0.000049   0.000048  0.0000228  0.0000224    0.000037    0.000025
2014   5  26  56803   0.116676   0.447032  -0.2790022   0.0010353   0.000267  -0.000216   0.000049   0.000048  0.0000188  0.0000224    0.000038    0.000025
2014   5  27  56804   0.117995   0.446337  -0.2799498   0.0008506   0.000274  -0.000206   0.000049   0.000048  0.0000138  0.0000224    0.000038    0.000026
2014   5  28  56805   0.120028   0.445450  -0.2807300   0.0006934   0.000226  -0.000181   0.000049   0.000048  0.0000055  0.0000223    0.000039    0.000026
2014   5  29  56806   0.122722   0.444989  -0.2813422   0.0005765   0.000269  -0.000186   0.000049   0.000048  0.0000052  0.0000223    0.000039    0.000026
2014   5  30  56807   0.125448   0.444196  -0.2818370   0.0004270   0.000336  -0.000199   0.000049   0.000048  0.0000069  0.0000223    0.000039    0.000027
2014   5  31  56808   0.127792   0.443582  -0.2822336   0.0003875   0.000340  -0.000202   0.000049   0.000048  0.0000178  0.0000222    0.000040    0.000027
2014   6   1  56809   0.129432   0.442969  -0.2826206   0.0003861   0.000320  -0.000202   0.000049   0.000048  0.0000254  0.0000222    0.000040    0.000027
2014   6   2  56810   0.130659   0.441989  -0.2830270   0.0004316   0.000300  -0.000201   0.000049   0.000048  0.0000179  0.0000221    0.000040    0.000027
2014   6   3  56811   0.131623   0.440971  -0.2834733   0.0004573   0.000280  -0.000201   0.000049   0.000048  0.0000047  0.0000221    0.000040    0.000028
2014   6   4  56812   0.132920   0.439732  -0.2839887   0.0005776   0.000156  -0.000243   0.000049   0.000048  0.0000030  0.0000220    0.000041    0.000028
2014   6   5  56813   0.134409   0.438871  -0.2845746   0.0006242   0.000050  -0.000285   0.000049   0.000049  0.0000042  0.0000219    0.000041    0.000029
2014   6   6  56814   0.136298   0.437899  -0.2852241   0.0006883   0.000112  -0.000285   0.000049   0.000049  0.0000055  0.0000219    0.000042    0.000029
2014   6   7  56815   0.138445   0.437426  -0.2859356   0.0007217   0.000140  -0.000278   0.000049   0.000049  0.0000141  0.0000218    0.000042    0.000030
2014   6   8  56816   0.140269   0.436641  -0.2866940   0.0007559   0.000155  -0.000269   0.000049   0.000049  0.0000229  0.0000218    0.000042    0.000030
2014   6   9  56817   0.142155   0.435910  -0.2874275   0.0007266   0.000170  -0.000260   0.000049   0.000049  0.0000207  0.0000217    0.000043    0.000030
2014   6  10  56818   0.143882   0.435310  -0.2881208   0.0006863   0.000186  -0.000251   0.000049   0.000049  0.0000135  0.0000217    0.000043    0.000031
2014   6  11  56819   0.145712   0.434788  -0.2887730   0.0006755   0.000201  -0.000242   0.000049   0.000049  0.0000063  0.0000216    0.000044    0.000031
2014   6  12  56820   0.147454   0.434331  -0.2894124   0.0006469   0.000176  -0.000252   0.000049   0.000049  0.0000057  0.0000216    0.000044    0.000032
2014   6  13  56821   0.149072   0.433571  -0.2900425   0.0006355   0.000167  -0.000258   0.000049   0.000049  0.0000067  0.0000216    0.000044    0.000032
2014   6  14  56822   0.150687   0.432747  -0.2906768   0.0006830   0.000157  -0.000252   0.000049   0.000049  0.0000182  0.0000215    0.000044    0.000032
2014   6  15  56823   0.152467   0.431594  -0.2914131   0.0007749   0.000143  -0.000242   0.000049   0.000049  0.0000203  0.0000215    0.000044    0.000032
2014   6  16  56824   0.154205   0.430675  -0.2922623   0.0008931   0.000129  -0.000232   0.000049   0.000049  0.0000152  0.0000215    0.000044    0.000031
2014   6  17  56825   0.155906   0.430018  -0.2932489   0.0010498   0.000115  -0.000221   0.000049   0.000049  0.0000103  0.0000215    0.000044    0.000031
2014   6  18  56826   0.157273   0.429526  -0.2943594   0.0011388   0.000102  -0.000211   0.000049   0.000049  0.0000062  0.0000214    0.000044    0.000031
2014   6  19  56827   0.158483   0.428948  -0.2955342   0.0011750   0.000098  -0.000230   0.000049   0.000048  0.0000055  0.0000214    0.000043    0.000031
2014   6  20  56828   0.159844   0.428208  -0.2966861   0.0011245   0.000097  -0.000256   0.000049   0.000048  0.0000058  0.0000214    0.000043    0.000031
2014   6  21  56829   0.160902   0.427331  -0.2977375   0.0009952   0.000101  -0.000256   0.000049   0.000048  0.0000187  0.0000214    0.000043    0.000031
2014   6  22  56830   0.161798   0.426296  -0.2986676   0.0008271   0.000106  -0.000247   0.000049   0.000048  0.0000204  0.0000214    0.000043    0.000031
2014   6  23  56831   0.163185   0.425165  -0.2994180   0.0006524   0.000112  -0.000237   0.000049   0.000048  0.0000127  0.0000214    0.000042    0.000030
2014   6  24  56832   0.164706   0.423924  -0.2999887   0.0005008   0.000117  -0.000228   0.000049   0.000048  0.0000042  0.0000215    0.000042    0.000030
2014   6  25  56833   0.166035   0.422622  -0.3004161   0.0003708   0.000102  -0.000202   0.000049   0.000048  0.0000146  0.0000215    0.000042    0.000030
2014   6  26  56834   0.166814   0.421486  -0.3007143   0.0002363   0.000143  -0.000227   0.000049   0.000048  0.0000234  0.0000215    0.000042    0.000031
2014   6  27  56835   0.167410   0.420250  -0.3008726   0.0001369   0.000108  -0.000400   0.000049   0.000048  0.0000077  0.0000215    0.000043    0.000031
2014   6  28  56836   0.168082   0.419125  -0.3010385   0.0001574   0.000127  -0.000426   0.000049   0.000048  0.0000326  0.0000216    0.000044    0.000032
2014   6  29  56837   0.168840   0.417887  -0.3013155   0.0002359   0.000177  -0.000382   0.000049   0.000048  0.0000465  0.0000216    0.000044    0.000032
2014   6  30  56838   0.169594   0.416506  -0.3015851   0.0003267   0.000228  -0.000337   0.000049   0.000048  0.0000318  0.0000216    0.000045    0.000032
2014   7   1  56839   0.170517   0.414989  -0.3018654   0.0003603   0.000279  -0.000292   0.000049   0.000048  0.0000093  0.0000217    0.000046    0.000033
2014   7   2  56840   0.171839   0.413813  -0.3022527   0.0004170   0.000236  -0.000304   0.000049   0.000049  0.0000049  0.0000217    0.000047    0.000033
2014   7   3  56841   0.173207   0.412782  -0.3027059   0.0004943   0.000170  -0.000331   0.000049   0.000049  0.0000052  0.0000217    0.000048    0.000034
2014   7   4  56842   0.174537   0.411740  -0.3032096   0.0005533   0.000046  -0.000343   0.000049   0.000049  0.0000232  0.0000218    0.000049    0.000034
2014   7   5  56843   0.175544   0.410980  -0.3037341   0.0005303   0.000019  -0.000342   0.000049   0.000049  0.0000478  0.0000218    0.000050    0.000035
2014   7   6  56844   0.176331   0.409901  -0.3042797   0.0004511   0.000040  -0.000337   0.000049   0.000049  0.0000377  0.0000218    0.000051    0.000035
2014   7   7  56845   0.176963   0.408784  -0.3047156   0.0003724   0.000061  -0.000333   0.000049   0.000049  0.0000204  0.0000218    0.000052    0.000036
2014   7   8  56846   0.177568   0.407721  -0.3050576   0.0003203   0.000082  -0.000329   0.000049   0.000048  0.0000080  0.0000219    0.000053    0.000036
2014   7   9  56847   0.178334   0.406816  -0.3053481   0.0002874   0.000204  -0.000266   0.000049   0.000048  0.0000165  0.0000219    0.000054    0.000037
2014   7  10  56848   0.179003   0.405922  -0.3056221   0.0002785   0.000353  -0.000188   0.000049   0.000048  0.0000243  0.0000220    0.000054    0.000037
2014   7  11  56849   0.179999   0.404805  -0.3059680   0.0003485   0.000242  -0.000231   0.000049   0.000048  0.0000083  0.0000220    0.000055    0.000037
2014   7  12  56850   0.181095   0.403719  -0.3063918   0.0004342   0.000141  -0.000321   0.000049   0.000048  0.0000420  0.0000220    0.000056    0.000037
2014   7  13  56851   0.181992   0.402777  -0.3069513   0.0006071   0.000138  -0.000356   0.000049   0.000048  0.0000530  0.0000221    0.000057    0.000038
2014   7  14  56852   0.182710   0.401754  -0.3076598   0.0007955   0.000156  -0.000337   0.000049   0.000048  0.0000336  0.0000221    0.000057    0.000038
2014   7  15  56853   0.183128   0.400753  -0.3085064   0.0008930   0.000132  -0.000319   0.000049   0.000048  0.0000092  0.0000222    0.000058    0.000039
2014   7  16  56854   0.183572   0.399306  -0.3094238   0.0009350   0.000090  -0.000322   0.000049   0.000048  0.0000051  0.0000222    0.000059    0.000039
2014   7  17  56855   0.184004   0.397938  -0.3103375   0.0008810   0.000057  -0.000323   0.000049   0.000048  0.0000062  0.0000222    0.000059    0.000040
2014   7  18  56856   0.184324   0.396284  -0.3111677   0.0007486   0.000081  -0.000291   0.000049   0.000048  0.0000074  0.0000222    0.000060    0.000040
2014   7  19  56857   0.185282   0.394576  -0.3119354   0.0006159   0.000014  -0.000325   0.000049   0.000048  0.0000263  0.0000222    0.000060    0.000040
2014   7  20  56858   0.186442   0.393167  -0.3124358   0.0004702   0.000013  -0.000327   0.000049   0.000048  0.0000358  0.0000223    0.000060    0.000040
2014   7  21  56859   0.187768   0.391877  -0.3127697   0.0003040   0.000074  -0.000309   0.000049   0.000049  0.0000251  0.0000223    0.000061    0.000040
2014   7  22  56860   0.188776   0.391088  -0.3129932   0.0001590   0.000101  -0.000327   0.000049   0.000049  0.0000082  0.0000223    0.000061    0.000040
2014   7  23  56861   0.189330   0.390086  -0.3130876   0.0000636   0.000123  -0.000333   0.000049   0.000049  0.0000132  0.0000223    0.000061    0.000040
2014   7  24  56862   0.189604   0.389317  -0.3131198   0.0000276   0.000144  -0.000336   0.000049   0.000049  0.0000192  0.0000223    0.000061    0.000040
2014   7  25  56863   0.189957   0.388196  -0.3131499   0.0000425   0.000164  -0.000340   0.000049   0.000049  0.0000068  0.0000223    0.000062    0.000040
2014   7  26  56864   0.190306   0.387104  -0.3131883   0.0000340   0.000160  -0.000334   0.000049   0.000049  0.0000177  0.0000223    0.000062    0.000040
2014   7  27  56865   0.190886   0.385974  -0.3132543   0.0000811   0.000146  -0.000324   0.000049   0.000049  0.0000249  0.0000223    0.000062    0.000040
2014   7  28  56866   0.191948   0.384988  -0.3134156   0.0001978   0.000132  -0.000315   0.000049   0.000049  0.0000172  0.0000223    0.000063    0.000040
2014   7  29  56867   0.193134   0.384040  -0.3136677   0.0003117   0.000118  -0.000305   0.000049   0.000049  0.0000050  0.0000223    0.000063    0.000040
2014   7  30  56868   0.194129   0.382977  -0.3140392   0.0004155   0.000090  -0.000310   0.000049   0.000049  0.0000111  0.0000223    0.000063    0.000040
2014   7  31  56869   0.194675   0.381798  -0.3144689   0.0004358   0.000057  -0.000318   0.000049   0.000049  0.0000174  0.0000223    0.000063    0.000040
2014   8   1  56870   0.195457   0.380267  -0.3149162   0.0004283   0.000025  -0.000326   0.000049   0.000049  0.0000064  0.0000223    0.000063    0.000040
2014   8   2  56871   0.196024   0.379105  -0.3153203   0.0003568   0.000015  -0.000350   0.000049   0.000048  0.0000221  0.0000223    0.000063    0.000040
2014   8   3  56872   0.196578   0.377704  -0.3156533   0.0002954   0.000014  -0.000381   0.000049   0.000048  0.0000457  0.0000222    0.000063    0.000040
2014   8   4  56873   0.197529   0.376172  -0.3159233   0.0002374   0.000012  -0.000411   0.000049   0.000048  0.0000330  0.0000222    0.000064    0.000040
2014   8   5  56874   0.198517   0.374548  -0.3161174   0.0001793   0.000011  -0.000441   0.000049   0.000048  0.0000204  0.0000222    0.000064    0.000040
2014   8   6  56875   0.199814   0.373207  -0.3162285   0.0001111   0.000000  -0.000411   0.000049   0.000048  0.0000278  0.0000221    0.000064    0.000040
2014   8   7  56876   0.201138   0.372224  -0.3162780   0.0000630  -0.000011  -0.000364   0.000049   0.000048  0.0000300  0.0000221    0.000064    0.000040
2014   8   8  56877   0.202110   0.371260  -0.3164044   0.0001574  -0.000011  -0.000313   0.000049   0.000048  0.0000125  0.0000221    0.000064    0.000041
2014   8   9  56878   0.203072   0.370155  -0.3166652   0.0003472   0.000008  -0.000215   0.000049   0.000048  0.0000323  0.0000220    0.000064    0.000041
2014   8  10  56879   0.204233   0.369115  -0.3170624   0.0004935   0.000042  -0.000079   0.000049   0.000048  0.0000379  0.0000220    0.000064    0.000041
2014   8  11  56880   0.205434   0.368324  -0.3176562   0.0006577   0.000069  -0.000081   0.000049   0.000048  0.0000269  0.0000219    0.000063    0.000041
2014   8  12  56881   0.206552   0.367630  -0.3183974   0.0007707   0.000080  -0.000246   0.000049   0.000048  0.0000305  0.0000219    0.000063    0.000041
2014   8  13  56882   0.207344   0.366930  -0.3192193   0.0008367   0.000039  -0.000255   0.000049   0.000048  0.0000360  0.0000218    0.000063    0.000041
2014   8  14  56883   0.207916   0.366107  -0.3200515   0.0008272  -0.000014  -0.000226   0.000049   0.000048  0.0000222  0.0000218    0.000062    0.000041
2014   8  15  56884   0.208768   0.364934  -0.3207972   0.0006988  -0.000067  -0.000197   0.000049   0.000048  0.0000084  0.0000218    0.000062    0.000041
2014   8  16  56885   0.209644   0.363552  -0.3214559   0.0005775  -0.000118  -0.000122   0.000049   0.000048  0.0000198  0.0000218    0.000062    0.000041
2014   8  17  56886   0.210184   0.362144  -0.3219576   0.0004673  -0.000117  -0.000157   0.000049   0.000048  0.0000203  0.0000218    0.000061    0.000041
2014   8  18  56887   0.210356   0.360801  -0.3223541   0.0003839  -0.000046  -0.000267   0.000049   0.000048  0.0000123  0.0000219    0.000061    0.000041
2014   8  19  56888   0.209991   0.359346  -0.3226677   0.0002631   0.000044  -0.000326   0.000049   0.000048  0.0000049  0.0000219    0.000061    0.000041
2014   8  20  56889   0.209665   0.357813  -0.3228809   0.0002015   0.000072  -0.000249   0.000049   0.000048  0.0000168  0.0000219    0.000061    0.000041
2014   8  21  56890   0.209518   0.356180  -0.3230539   0.0001729   0.000085  -0.000138   0.000049   0.000048  0.0000268  0.0000219    0.000061    0.000042
2014   8  22  56891   0.209650   0.354452  -0.3232207   0.0001671   0.000025  -0.000200   0.000049   0.000048  0.0000104  0.0000219    0.000060    0.000042
2014   8  23  56892   0.209523   0.352597  -0.3234365   0.0002339   0.000004  -0.000232   0.000049   0.000048  0.0000245  0.0000219    0.000060    0.000042
2014   8  24  56893   0.209522   0.350709  -0.3236747   0.0002419   0.000007  -0.000233   0.000049   0.000048  0.0000393  0.0000219    0.000059    0.000041
2014   8  25  56894   0.209484   0.348871  -0.3239175   0.0002575   0.000010  -0.000233   0.000049   0.000048  0.0000282  0.0000219    0.000059    0.000041
2014   8  26  56895   0.209253   0.347009  -0.3242071   0.0003412   0.000013  -0.000233   0.000049   0.000048  0.0000067  0.0000218    0.000058    0.000041
2014   8  27  56896   0.209076   0.345043  -0.3246118   0.0004376   0.000113  -0.000237   0.000049   0.000048  0.0000104  0.0000218    0.000058    0.000041
2014   8  28  56897   0.208912   0.342820  -0.3250768   0.0004746   0.000115  -0.000217   0.000049   0.000048  0.0000170  0.0000219    0.000058    0.000041
2014   8  29  56898   0.209008   0.340884  -0.3255682   0.0004909   0.000082  -0.000190   0.000049   0.000048  0.0000098  0.0000219    0.000058    0.000041
2014   8  30  56899   0.209416   0.339468  -0.3260948   0.0004949   0.000006  -0.000189   0.000049   0.000048  0.0000240  0.0000219    0.000058    0.000041
2014   8  31  56900   0.209545   0.338267  -0.3265890   0.0004942  -0.000064  -0.000175   0.000049   0.000048  0.0000230  0.0000219    0.000058    0.000041
2014   9   1  56901   0.209595   0.336935  -0.3270994   0.0005483  -0.000099  -0.000202   0.000049   0.000048  0.0000150  0.0000219    0.000057    0.000040
2014   9   2  56902   0.209626   0.335285  -0.3276173   0.0005216  -0.000117  -0.000293   0.000049   0.000049  0.0000092  0.0000219    0.000057    0.000040
2014   9   3  56903   0.209207   0.333429  -0.3281375   0.0005158  -0.000025  -0.000372   0.000049   0.000049  0.0000033  0.0000219    0.000056    0.000039
2014   9   4  56904   0.208955   0.331540  -0.3286670   0.0005516  -0.000003  -0.000351   0.000049   0.000049  0.0000031  0.0000219    0.000056    0.000039
2014   9   5  56905   0.209032   0.329830  -0.3292852   0.0006789  -0.000044  -0.000389   0.000049   0.000049  0.0000043  0.0000218    0.000057    0.000039
2014   9   6  56906   0.209219   0.328282  -0.3300561   0.0008398  -0.000088  -0.000377   0.000049   0.000049  0.0000246  0.0000218    0.000058    0.000040
2014   9   7  56907   0.209087   0.326947  -0.3309914   0.0010232  -0.000126  -0.000337   0.000049   0.000049  0.0000299  0.0000218    0.000058    0.000040
2014   9   8  56908   0.208577   0.325706  -0.3321224   0.0011861  -0.000116  -0.000396   0.000049   0.000049  0.0000199  0.0000218    0.000059    0.000040
2014   9   9  56909   0.207970   0.324129  -0.3333936   0.0013372  -0.000102  -0.000464   0.000049   0.000049  0.0000079  0.0000218    0.000060    0.000041
2014   9  10  56910   0.207057   0.322201  -0.3346599   0.0012617  -0.000229  -0.000546   0.000049   0.000049  0.0000060  0.0000217    0.000061    0.000041
2014   9  11  56911   0.205694   0.319875  -0.3358564   0.0011358  -0.000388  -0.000627   0.000050   0.000049  0.0000067  0.0000217    0.000061    0.000042
2014   9  12  56912   0.204722   0.317446  -0.3369194   0.0009389  -0.000424  -0.000542   0.000050   0.000049  0.0000075  0.0000217    0.000062    0.000042
2014   9  13  56913   0.203675   0.315460  -0.3377903   0.0007620  -0.000282  -0.000432   0.000050   0.000049  0.0000248  0.0000217    0.000062    0.000042
2014   9  14  56914   0.203262   0.313648  -0.3385051   0.0006502  -0.000075  -0.000313   0.000050   0.000049  0.0000336  0.0000216    0.000063    0.000042
2014   9  15  56915   0.203044   0.312312  -0.3391232   0.0006127  -0.000090  -0.000273   0.000050   0.000049  0.0000236  0.0000216    0.000063    0.000042
2014   9  16  56916   0.202683   0.310879  -0.3396788   0.0006086  -0.000144  -0.000246   0.000050   0.000049  0.0000079  0.0000216    0.000063    0.000042
2014   9  17  56917   0.201948   0.309570  -0.3402897   0.0006063  -0.000150  -0.000250   0.000050   0.000049  0.0000134  0.0000216    0.000064    0.000042
2014   9  18  56918   0.201114   0.308136  -0.3409352   0.0006791  -0.000118  -0.000253   0.000050   0.000049  0.0000199  0.0000217    0.000064    0.000042
2014   9  19  56919   0.200440   0.306759  -0.3416136   0.0007166  -0.000042  -0.000242   0.000050   0.000049  0.0000091  0.0000217    0.000064    0.000042
2014   9  20  56920   0.199649   0.305017  -0.3423379   0.0007388  -0.000040  -0.000261   0.000050   0.000049  0.0000325  0.0000217    0.000064    0.000042
2014   9  21  56921   0.198822   0.303322  -0.3430967   0.0007746  -0.000066  -0.000289   0.000050   0.000049  0.0000314  0.0000218    0.000064    0.000042
2014   9  22  56922   0.198177   0.301495  -0.3439301   0.0008783  -0.000085  -0.000257   0.000050   0.000049  0.0000174  0.0000218    0.000064    0.000041
2014   9  23  56923   0.197695   0.299640  -0.3448281   0.0009292  -0.000104  -0.000225   0.000050   0.000049  0.0000062  0.0000218    0.000064    0.000041
2014   9  24  56924   0.196653   0.297948  -0.3457480   0.0009224  -0.000185  -0.000263   0.000050   0.000049  0.0000047  0.0000219    0.000064    0.000040
2014   9  25  56925   0.196227   0.296445  -0.3466688   0.0009403  -0.000246  -0.000298   0.000050   0.000049  0.0000057  0.0000219    0.000064    0.000040
2014   9  26  56926   0.195457   0.295357  -0.3475647   0.0008552  -0.000175  -0.000256   0.000050   0.000049  0.0000068  0.0000219    0.000064    0.000040
2014   9  27  56927   0.194278   0.294186  -0.3483902   0.0007900  -0.000119  -0.000241   0.000050   0.000049  0.0000221  0.0000219    0.000064    0.000040
2014   9  28  56928   0.193090   0.293164  -0.3491628   0.0007225  -0.000068  -0.000236   0.000050   0.000049  0.0000407  0.0000220    0.000064    0.000040
2014   9  29  56929   0.192102   0.291906  -0.3498846   0.0006901  -0.000018  -0.000231   0.000050   0.000049  0.0000321  0.0000220    0.000064    0.000040
2014   9  30  56930   0.190837   0.290467  -0.3505708   0.0007180   0.000033  -0.000225   0.000050   0.000049  0.0000104  0.0000221    0.000065    0.000041
2014  10   1  56931   0.189281   0.288878  -0.3512755   0.0007455  -0.000034  -0.000268   0.000050   0.000049  0.0000052  0.0000221    0.000065    0.000041
2014  10   2  56932   0.187923   0.287409  -0.3520497   0.0008348  -0.000096  -0.000242   0.000050   0.000049  0.0000043  0.0000221    0.000065    0.000041
2014  10   3  56933   0.186357   0.286375  -0.3529360   0.0009774  -0.000086  -0.000219   0.000050   0.000049  0.0000119  0.0000222    0.000065    0.000041
2014  10   4  56934   0.184573   0.285157  -0.3540107   0.0011675  -0.000054  -0.000206   0.000050   0.000049  0.0000227  0.0000222    0.000064    0.000041
2014  10   5  56935   0.182934   0.283964  -0.3553184   0.0013608  -0.000050  -0.000202   0.000050   0.000049  0.0000303  0.0000222    0.000064    0.000041
2014  10   6  56936   0.180736   0.282714  -0.3567588   0.0014912  -0.000107  -0.000247   0.000050   0.000049  0.0000240  0.0000222    0.000064    0.000041
2014  10   7  56937   0.178466   0.281171  -0.3582977   0.0015977  -0.000198  -0.000330   0.000050   0.000049  0.0000114  0.0000222    0.000064    0.000041
2014  10   8  56938   0.176371   0.279490  -0.3599127   0.0016026  -0.000202  -0.000363   0.000050   0.000049  0.0000226  0.0000222    0.000064    0.000041
2014  10   9  56939   0.174483   0.277962  -0.3614586   0.0014743  -0.000183  -0.000382   0.000050   0.000049  0.0000319  0.0000222    0.000064    0.000041
2014  10  10  56940   0.172103   0.276934  -0.3628154   0.0012636  -0.000118  -0.000270   0.000050   0.000049  0.0000096  0.0000222    0.000063    0.000040
2014  10  11  56941   0.169442   0.275719  -0.3639980   0.0011261  -0.000031  -0.000200   0.000050   0.000049  0.0000194  0.0000222    0.000063    0.000040
2014  10  12  56942   0.167003   0.274337  -0.3650957   0.0010552  -0.000004  -0.000158   0.000050   0.000049  0.0000331  0.0000222    0.000063    0.000040
2014  10  13  56943   0.164792   0.272933  -0.3660750   0.0009508  -0.000085  -0.000145   0.000050   0.000049  0.0000305  0.0000221    0.000062    0.000039
2014  10  14  56944   0.163125   0.271630  -0.3669794   0.0008888  -0.000212  -0.000165   0.000050   0.000049  0.0000632  0.0000221    0.000061    0.000039
2014  10  15  56945   0.161791   0.270650  -0.3678828   0.0009194  -0.000240   0.000055   0.000050   0.000049  0.0000880  0.0000221    0.000061    0.000038
2014  10  16  56946   0.160324   0.269618  -0.3688284   0.0009535  -0.000206   0.000012   0.000050   0.000049  0.0000248  0.0000221    0.000061    0.000038
2014  10  17  56947   0.158854   0.268431  -0.3697731   0.0009662  -0.000161  -0.000129   0.000050   0.000049  0.0000104  0.0000221    0.000062    0.000039
2014  10  18  56948   0.157609   0.267480  -0.3707763   0.0010576  -0.000164  -0.000200   0.000050   0.000049  0.0000118  0.0000220    0.000062    0.000039
2014  10  19  56949   0.156166   0.266450  -0.3718673   0.0011260  -0.000152  -0.000236   0.000050   0.000049  0.0000218  0.0000220    0.000063    0.000039
2014  10  20  56950   0.154882   0.265184  -0.3730523   0.0012088  -0.000108  -0.000266   0.000050   0.000049  0.0000177  0.0000220    0.000063    0.000039
2014  10  21  56951   0.153538   0.264166  -0.3742981   0.0013029  -0.000141  -0.000147   0.000050   0.000049  0.0000058  0.0000220    0.000063    0.000039
2014  10  22  56952   0.152544   0.263225  -0.3756384   0.0013749  -0.000151  -0.000184   0.000050   0.000049  0.0000068  0.0000219    0.000064    0.000040
2014  10  23  56953   0.151239   0.262643  -0.3769722   0.0013446  -0.000159  -0.000205   0.000050   0.000049  0.0000146  0.0000219    0.000065    0.000040
2014  10  24  56954   0.149410   0.261644  -0.3782630   0.0012606  -0.000170  -0.000201   0.000050   0.000049  0.0000237  0.0000219    0.000065    0.000040
2014  10  25  56955   0.147282   0.260354  -0.3794855   0.0011416  -0.000181  -0.000198   0.000050   0.000050  0.0000647  0.0000219    0.000066    0.000041
2014  10  26  56956   0.144735   0.259080  -0.3805842   0.0010407  -0.000193  -0.000195   0.000050   0.000050  0.0001692  0.0000219    0.000066    0.000041
2014  10  27  56957   0.142502   0.257796  -0.3816063   0.0009890  -0.000204  -0.000191   0.000050   0.000050  0.0001285  0.0000219    0.000067    0.000041
2014  10  28  56958   0.140629   0.257088  -0.3825955   0.0009880  -0.000215  -0.000188   0.000050   0.000050  0.0000296  0.0000219    0.000068    0.000041
2014  10  29  56959   0.138839   0.256769  -0.3836062   0.0010442  -0.000005  -0.000204   0.000050   0.000050  0.0000203  0.0000219    0.000068    0.000042
2014  10  30  56960   0.137045   0.256364  -0.3846781   0.0011223  -0.000013  -0.000207   0.000050   0.000050  0.0000283  0.0000218    0.000069    0.000042
2014  10  31  56961   0.134899   0.256104  -0.3858199   0.0011983  -0.000102  -0.000204   0.000050   0.000050  0.0000121  0.0000218    0.000069    0.000041
2014  11   1  56962   0.132510   0.255501  -0.3871542   0.0013920  -0.000255  -0.000135   0.000050   0.000050  0.0000119  0.0000218    0.000070    0.000041
2014  11   2  56963   0.130131   0.254642  -0.3886745   0.0016206  -0.000326  -0.000101   0.000050   0.000050  0.0000174  0.0000217    0.000070    0.000041
2014  11   3  56964   0.128037   0.253599  -0.3903258   0.0017047  -0.000272  -0.000122   0.000050   0.000050  0.0000141  0.0000217    0.000070    0.000041
2014  11   4  56965   0.126501   0.252992  -0.3920206   0.0016664  -0.000199  -0.000138   0.000050   0.000050  0.0000065  0.0000217    0.000070    0.000041
2014  11   5  56966   0.125128   0.253058  -0.3936623   0.0015902  -0.000126  -0.000170   0.000050   0.000050  0.0000192  0.0000216    0.000070    0.000041
2014  11   6  56967   0.123775   0.253108  -0.3951827   0.0014298  -0.000054  -0.000205   0.000050   0.000050  0.0000294  0.0000215    0.000070    0.000041
2014  11   7  56968   0.122213   0.252747  -0.3965300   0.0012717  -0.000130  -0.000116   0.000050   0.000050  0.0000094  0.0000214    0.000070    0.000041
2014  11   8  56969   0.120675   0.252135  -0.3977362   0.0011134  -0.000158  -0.000068   0.000050   0.000050  0.0000182  0.0000214    0.000071    0.000041
2014  11   9  56970   0.118672   0.251874  -0.3987622   0.0009707  -0.000150  -0.000049   0.000050   0.000050  0.0000352  0.0000213    0.000071    0.000041
2014  11  10  56971   0.116077   0.251414  -0.3996631   0.0008642  -0.000142  -0.000031   0.000050   0.000050  0.0000293  0.0000212    0.000072    0.000042
2014  11  11  56972   0.113418   0.251114  -0.4005145   0.0008320  -0.000134  -0.000013   0.000050   0.000050  0.0000126  0.0000212    0.000072    0.000042
2014  11  12  56973   0.111204   0.251036  -0.4013791   0.0008738   0.000009  -0.000049   0.000050   0.000050  0.0000129  0.0000211    0.000073    0.000043
2014  11  13  56974   0.109956   0.251239  -0.4022790   0.0009461   0.000045  -0.000074   0.000050   0.000050  0.0000145  0.0000211    0.000073    0.000043
2014  11  14  56975   0.109004   0.251506  -0.4032322   0.0009880  -0.000078  -0.000100   0.000050   0.000050  0.0000044  0.0000210    0.000073    0.000043
2014  11  15  56976   0.107378   0.251884  -0.4042393   0.0010350  -0.000222  -0.000133   0.000050   0.000050  0.0000160  0.0000210    0.000074    0.000043
2014  11  16  56977   0.105134   0.252139  -0.4053039   0.0010698  -0.000219  -0.000126   0.000050   0.000050  0.0000165  0.0000209    0.000074    0.000043
2014  11  17  56978   0.103088   0.252261  -0.4064685   0.0011902  -0.000147  -0.000118   0.000050   0.000050  0.0000107  0.0000209    0.000075    0.000044
2014  11  18  56979   0.101164   0.252945  -0.4076939   0.0012793  -0.000146  -0.000148   0.000050   0.000050  0.0000065  0.0000209    0.000076    0.000044
2014  11  19  56980   0.098786   0.253582  -0.4089339   0.0012494  -0.000088  -0.000152   0.000050   0.000050  0.0000050  0.0000208    0.000077    0.000045
2014  11  20  56981   0.096569   0.253797  -0.4101584   0.0011788  -0.000030  -0.000128   0.000050   0.000050  0.0000043  0.0000208    0.000078    0.000045
2014  11  21  56982   0.094763   0.254100  -0.4113394   0.0011212  -0.000052  -0.000096   0.000050   0.000050  0.0000035  0.0000207    0.000078    0.000046
2014  11  22  56983   0.092996   0.254389  -0.4124775   0.0010830  -0.000152  -0.000075   0.000050   0.000050  0.0000244  0.0000206    0.000079    0.000046
2014  11  23  56984   0.091010   0.254396  -0.4135328   0.0010276  -0.000164  -0.000073   0.000050   0.000050  0.0000250  0.0000206    0.000079    0.000047
2014  11  24  56985   0.089436   0.254044  -0.4145335   0.0009903  -0.000129  -0.000072   0.000050   0.000050  0.0000152  0.0000205    0.000080    0.000047
2014  11  25  56986   0.088520   0.253857  -0.4155285   0.0009859  -0.000158  -0.000059   0.000050   0.000050  0.0000072  0.0000204    0.000080    0.000047
2014  11  26  56987   0.087483   0.253994  -0.4165163   0.0010077  -0.000189  -0.000013   0.000050   0.000050  0.0000039  0.0000204    0.000081    0.000047
2014  11  27  56988   0.086929   0.254403  -0.4175848   0.0010868  -0.000176  -0.000181   0.000050   0.000050  0.0000107  0.0000203    0.000081    0.000047
2014  11  28  56989   0.086434   0.255298  -0.4187766   0.0012598  -0.000147  -0.000430   0.000050   0.000050  0.0000207  0.0000203    0.000081    0.000048
2014  11  29  56990   0.085125   0.256069  -0.4200917   0.0014277  -0.000219  -0.000298   0.000050   0.000050  0.0000307  0.0000202    0.000082    0.000048
2014  11  30  56991   0.083130   0.256693  -0.4215179   0.0014970  -0.000293  -0.000161   0.000050   0.000050  0.0000280  0.0000202    0.000082    0.000048
2014  12   1  56992   0.080966   0.257680  -0.4230049   0.0014804  -0.000281  -0.000066   0.000050   0.000050  0.0000184  0.0000201    0.000082    0.000048
2014  12   2  56993   0.078974   0.258800  -0.4244809   0.0014297  -0.000185  -0.000015   0.000050   0.000050  0.0000086  0.0000200    0.000082    0.000048
2014  12   3  56994   0.076865   0.259527  -0.4259088   0.0013722  -0.000226  -0.000018   0.000050   0.000050  0.0000058  0.0000199    0.000083    0.000049
2014  12   4  56995   0.074702   0.259938  -0.4272337   0.0012983  -0.000303  -0.000035   0.000050   0.000050  0.0000048  0.0000199    0.000083    0.000049
2014  12   5  56996   0.073004   0.260085  -0.4284372   0.0011664  -0.000249  -0.000051   0.000050   0.000050  0.0000037  0.0000198    0.000084    0.000050
2014  12   6  56997   0.072013   0.260898  -0.4295162   0.0010364  -0.000137  -0.000167   0.000050   0.000050  0.0000166  0.0000197    0.000085    0.000051
2014  12   7  56998   0.070768   0.261979  -0.4304906   0.0009505   0.000065  -0.000216   0.000050   0.000050  0.0000176  0.0000196    0.000086    0.000051
2014  12   8  56999   0.069509   0.262609  -0.4314549   0.0009562   0.000149  -0.000154   0.000050   0.000050  0.0000136  0.0000195    0.000087    0.000052
2014  12   9  57000   0.067620   0.263634  -0.4324454   0.0010040   0.000031  -0.000086   0.000051   0.000050  0.0000108  0.0000195    0.000088    0.000053
2014  12  10  57001   0.065125   0.264334  -0.4334766   0.0010626  -0.000087  -0.000018   0.000051   0.000050  0.0000078  0.0000194    0.000089    0.000054
2014  12  11  57002   0.062785   0.265099  -0.4345643   0.0011111  -0.000103  -0.000015   0.000051   0.000050  0.0000065  0.0000193    0.000089    0.000054
2014  12  12  57003   0.060531   0.266098  -0.4357170   0.0011981  -0.000236  -0.000097   0.000051   0.000050  0.0000057  0.0000192    0.000090    0.000055
2014  12  13  57004   0.058291   0.267349  -0.4369258   0.0012503  -0.000488  -0.000146   0.000051   0.000050  0.0000154  0.0000191    0.000090    0.000055
2014  12  14  57005   0.055689   0.268371  -0.4381561   0.0012203  -0.000657  -0.000057   0.000051   0.000050  0.0000230  0.0000191    0.000090    0.000055
2014  12  15  57006   0.052981   0.269414  -0.4394119   0.0012059  -0.000522   0.000091   0.000051   0.000050  0.0000195  0.0000190    0.000091    0.000055
2014  12  16  57007   0.050204   0.270689  -0.4406732   0.0012979  -0.000191   0.000178   0.000051   0.000050  0.0000118  0.0000189    0.000091    0.000055
2014  12  17  57008   0.047309   0.271783  -0.4419626   0.0013046  -0.000178   0.000109   0.000051   0.000050  0.0000138  0.0000189    0.000091    0.000055
2014  12  18  57009   0.044749   0.272214  -0.4432143   0.0012038  -0.000247   0.000000   0.000051   0.000050  0.0000164  0.0000189    0.000091    0.000055
2014  12  19  57010   0.043326   0.272558  -0.4443922   0.0011412  -0.000224  -0.000046   0.000051   0.000050  0.0000118  0.0000189    0.000090    0.000055
2014  12  20  57011   0.042125   0.273351  -0.4454795   0.0010073  -0.000117   0.000048   0.000051   0.000050  0.0000121  0.0000190    0.000090    0.000055
2014  12  21  57012   0.040801   0.273639  -0.4464599   0.0009414   0.000012   0.000188   0.000051   0.000050  0.0000195  0.0000191    0.000090    0.000055
2014  12  22  57013   0.039547   0.274006  -0.4473938   0.0009210  -0.000069   0.000146   0.000051   0.000050  0.0000168  0.0000191    0.000089    0.000054
2014  12  23  57014   0.038609   0.274229  -0.4483571   0.0009864  -0.000199   0.000000   0.000051   0.000050  0.0000077  0.0000192    0.000089    0.000053
2014  12  24  57015   0.037843   0.274933  -0.4494026   0.0010938  -0.000272   0.000021   0.000051   0.000050  0.0000060  0.0000193    0.000088    0.000053
2014  12  25  57016   0.037160   0.275556  -0.4506018   0.0012906  -0.000271   0.000037   0.000051   0.000050  0.0000094  0.0000194    0.000088    0.000053
2014  12  26  57017   0.036174   0.276368  -0.4519395   0.0013915  -0.000247   0.000034   0.000051   0.000050  0.0000139  0.0000195    0.000088    0.000053
2014  12  27  57018   0.035201   0.276925  -0.4533686   0.0014638  -0.000224   0.000032   0.000051   0.000050  0.0000184  0.0000195    0.000088    0.000053
2014  12  28  57019   0.034631   0.277763  -0.4548790   0.0015300  -0.000201   0.000029   0.000051   0.000050  0.0000226  0.0000196    0.000088    0.000054
2014  12  29  57020   0.034265   0.278674  -0.4563538   0.0014279  -0.000177   0.000027   0.000051   0.000050  0.0000181  0.0000197    0.000088    0.000054
2014  12  30  57021   0.033568   0.279581  -0.4577153   0.0012587  -0.000154   0.000025   0.000051   0.000050  0.0000093  0.0000198    0.000087    0.000055
2014  12  31  57022   0.032223   0.280408  -0.4589078   0.0011173  -0.000097  -0.000014   0.000051   0.000050  0.0000110  0.0000199    0.000087    0.000055
